507
641
630
600
576
573
569
566
557
558
554
542
529
519
522
535
545
558
570
596
423
754
669
554
492
477
489
508
511
514
511
511
517
533
560
403
755
699
601
543
520
518
516
506
510
515
524
528
518
507
499
494
491
489
492
496
519
546
573
590
590
584
575
566
559
549
537
525
520
519
517
516
509
503
498
494
502
517
544
570
577
586
582
573
559
545
535
530
526
522
515
512
504
502
501
495
494
492
507
534
554
573
579
588
575
562
550
544
539
531
528
521
517
512
507
503
499
503
516
539
558
578
587
586
583
570
560
597
398
704
624
522
472
462
473
488
501
504
503
519
554
385
751
705
614
559
543
544
553
558
549
541
530
520
514
505
501
496
494
490
491
498
514
547
579
404
767
711
609
547
528
531
536
543
538
533
525
515
508
497
495
490
491
508
538
576
597
611
424
768
705
596
530
510
514
520
519
516
510
510
498
484
481
479
480
493
522
556
584
598
605
604
590
578
557
546
538
527
521
510
504
498
492
489
485
484
482
486
516
542
575
600
608
611
597
585
570
557
548
536
530
516
511
504
495
488
483
484
482
487
524
563
601
623
428
786
726
616
547
522
523
526
528
524
514
503
494
492
484
473
472
473
499
543
579
605
614
617
596
584
580
574
567
555
545
535
519
515
506
502
503
499
504
521
562
619
545
871
732
561
439
409
425
434
435
449
456
472
489
488
488
510
529
532
540
557
585
606
623
629
616
593
573
559
544
531
522
505
496
487
485
483
477
479
497
534
573
604
616
614
607
589
570
555
538
528
516
509
497
484
476
470
472
469
465
477
507
550
578
595
597
590
568
543
529
521
512
510
501
493
488
481
479
472
471
476
492
528
557
580
585
584
574
555
543
531
521
513
506
501
491
486
480
480
475
466
477
499
537
563
582
591
586
577
558
545
528
520
511
504
499
493
487
483
480
473
472
477
502
532
358
725
675
577
517
498
498
527
551
567
560
534
512
305
634
572
482
444
455
497
536
553
566
564
556
547
534
527
520
512
507
502
503
497
489
483
481
479
477
490
508
533
550
556
558
551
579
572
535
512
503
501
507
503
504
501
498
492
480
486
497
519
543
558
566
563
566
558
542
534
523
523
523
519
518
511
504
497
495
494
498
519
541
567
589
598
602
592
580
566
561
553
542
534
523
513
516
513
504
500
491
487
490
500
528
562
392
763
707
602
536
513
510
534
419
841
901
891
854
809
759
702
435
757
685
578
529
537
568
592
611
613
605
591
577
568
556
545
539
529
527
526
535
536
534
550
567
591
603
607
601
588
579
569
551
538
527
519
520
515
515
511
514
519
519
535
552
585
602
614
618
611
600
581
569
557
543
530
519
512
508
500
496
488
492
510
537
573
594
606
606
591
577
558
545
540
532
522
510
489
476
469
468
475
483
504
525
538
554
561
563
557
553
544
538
319
667
588
536
490
468
455
456
461
457
467
480
511
540
331
683
617
467
322
241
266
341
434
485
510
504
487
474
469
483
493
510
520
521
521
514
510
504
503
500
495
495
489
490
494
492
491
487
488
496
507
543
599
429
806
760
671
612
577
550
545
561
582
710
887
975
976
975
800
642
548
510
518
541
561
340
697
649
548
491
485
494
530
526
511
525
558
594
631
649
611
564
537
530
548
564
565
546
521
507
489
487
491
502
524
530
533
528
518
517
508
480
439
393
364
353
340
355
388
439
486
527
550
558
546
542
565
581
595
600
598
602
590
589
609
651
662
678
714
733
715
685
654
631
609
588
576
564
561
554
553
564
583
618
641
667
687
697
684
664
637
607
581
566
559
550
538
527
523
521
512
509
515
572
611
368
711
659
548
473
441
446
466
484
490
488
476
471
473
483
490
482
485
494
516
539
325
701
678
591
529
504
505
510
517
515
516
513
504
500
496
499
504
512
534
548
560
562
564
558
321
682
652
562
505
482
483
489
498
502
498
497
493
502
519
527
542
546
547
538
524
517
508
508
504
498
498
490
481
480
480
471
453
446
455
497
540
557
562
552
538
519
499
484
471
472
480
483
490
490
494
504
511
523
529
534
536
533
532
532
532
526
516
516
510
506
499
503
498
503
511
517
520
530
583
612
594
558
570
620
599
557
540
538
531
522
518
517
480
432
440
482
538
574
581
507
407
343
392
529
640
680
647
594
337
660
589
482
480
534
574
593
596
369
728
696
609
555
543
539
531
527
530
540
559
580
581
579
572
563
554
548
559
569
572
563
546
534
524
520
514
513
534
562
590
597
600
378
731
698
600
534
508
514
521
519
523
517
517
533
555
574
577
577
567
560
551
539
530
520
521
507
501
500
494
496
505
517
524
533
535
528
525
517
515
518
513
509
500
495
488
482
488
502
520
530
530
531
519
503
495
482
471
464
472
480
491
502
508
522
531
545
557
550
544
537
534
531
521
517
512
513
512
511
513
517
530
537
544
542
540
540
534
531
522
519
517
509
507
507
515
526
535
548
554
561
558
557
551
549
541
536
534
526
523
514
514
518
520
322
695
681
606
558
546
560
567
573
574
339
693
652
557
495
479
481
493
500
496
508
521
544
567
583
591
582
577
572
565
561
553
536
521
529
545
570
563
535
513
518
541
564
589
598
584
560
556
576
576
569
553
534
521
503
489
470
455
426
399
407
447
513
558
563
545
512
498
503
528
576
634
432
810
795
767
765
743
703
630
568
551
575
616
628
589
529
499
494
501
488
473
451
438
433
432
430
405
382
393
403
402
374
275
239
358
510
616
321
0
0
0
0
0
0
0
0
0
0
0
0
242
564
485
819
700
544
454
427
435
461
481
502
511
512
525
534
544
541
527
514
503
498
499
493
497
493
495
489
495
518
544
576
598
410
763
695
582
518
500
506
506
504
467
375
135
0
0
149
504
876
880
554
778
687
616
583
580
587
585
588
610
620
620
655
664
639
611
592
574
566
552
543
533
523
516
505
498
490
481
480
490
520
543
553
560
556
564
557
533
512
498
491
484
479
478
485
489
511
537
558
570
567
569
561
565
573
583
584
570
527
492
493
511
542
561
559
557
554
561
567
567
564
553
547
539
537
536
530
527
519
514
505
501
512
530
556
572
586
588
590
581
569
557
555
560
567
546
511
486
475
477
493
518
521
516
506
493
507
532
566
405
764
708
606
539
516
523
528
534
533
520
514
504
502
314
654
597
499
458
476
511
550
571
580
568
556
546
531
522
511
510
504
495
488
475
478
481
463
424
400
426
466
508
533
536
546
538
532
524
511
504
493
487
482
482
468
460
461
461
489
519
544
563
574
581
582
599
599
571
545
520
514
512
507
505
500
499
509
550
599
641
464
785
671
547
500
502
558
665
836
975
975
975
975
863
638
491
504
549
617
728
813
806
760
682
613
565
540
535
526
526
528
517
506
507
538
571
587
607
610
610
398
734
681
576
507
490
490
507
513
513
510
534
568
597
689
767
754
619
448
331
278
226
65
0
0
0
0
0
0
0
155
317
408
438
431
411
393
380
381
427
497
549
572
608
800
958
975
975
975
975
757
369
60
0
0
0
0
146
398
975
975
975
975
975
975
975
923
641
477
422
433
477
532
373
741
681
582
553
547
566
575
575
564
550
536
530
552
550
522
517
589
781
634
939
824
504
0
0
0
0
0
258
412
444
388
241
77
0
0
0
108
215
218
97
0
0
0
0
300
743
974
975
975
975
975
975
975
975
975
975
975
975
975
975
975
975
975
616
236
552
569
575
608
629
630
619
614
603
572
338
669
638
574
515
445
373
281
187
124
109
144
196
212
233
315
318
133
130
386
887
975
975
974
0
0
0
0
0
0
0
0
853
976
975
975
975
975
975
975
975
975
975
975
854
504
325
205
182
246
334
392
425
423
372
309
232
141
39
115
455
682
975
974
940
975
975
975
792
321
64
0
0
579
975
976
977
977
978
979
976
975
974
0
0
0
0
0
0
0
0
0
0
0
0
0
0
0
978
976
977
976
976
976
976
976
976
976
977
977
977
977
977
977
977
977
977
977
977
977
977
977
977
977
977
977
977
977
977
977
977
977
977
977
977
977
977
977
977
977
977
977
977
977
977
977
903
657
232
557
606
577
543
526
520
531
559
588
607
601
590
575
569
566
555
547
538
534
516
518
492
473
464
483
552
598
620
327
688
707
637
577
546
542
541
531
526
517
512
506
505
516
531
554
563
571
570
566
560
550
544
530
511
494
481
486
481
491
497
457
402
437
533
595
619
339
690
690
598
362
0
0
0
0
0
0
0
0
0
0
0
0
0
0
0
0
0
0
0
0
0
0
0
0
0
0
0
0
0
930
975
976
976
976
976
976
976
975
976
896
574
396
342
368
417
487
572
724
923
976
976
977
812
976
976
915
777
680
639
629
643
693
772
888
925
902
834
760
699
665
637
628
627
628
621
604
594
600
628
683
750
790
798
796
802
777
729
668
616
581
576
569
570
572
583
605
611
613
602
598
590
586
574
569
554
545
539
542
538
534
532
548
558
571
571
568
566
558
553
552
557
542
529
528
517
505
509
512
527
542
563
570
573
566
558
549
542
548
544
538
525
521
516
509
511
510
530
562
294
678
694
626
551
506
500
514
530
534
252
630
651
587
530
503
517
538
559
559
553
541
534
530
524
521
516
519
517
511
508
501
511
535
550
557
554
553
553
544
545
545
544
536
528
523
512
506
506
500
513
529
551
563
565
557
549
537
531
525
521
520
518
520
519
510
511
518
540
565
568
569
561
555
553
546
542
538
533
530
519
513
513
534
564
581
597
593
588
578
574
564
555
565
615
622
615
577
532
534
519
30
0
0
0
0
0
0
0
0
0
193
660
616
976
917
765
680
641
640
697
709
673
625
579
544
258
612
625
556
504
484
473
487
517
552
574
578
575
554
536
515
520
524
512
504
493
489
483
485
480
481
481
478
481
489
517
545
569
583
583
571
564
557
546
538
527
524
517
512
502
490
484
473
478
477
472
489
512
540
552
563
569
567
559
545
536
526
513
510
508
509
511
500
494
488
491
498
512
534
553
560
554
551
547
543
531
524
515
513
513
503
502
497
497
496
492
489
488
498
516
539
294
676
683
605
537
504
493
506
517
258
633
634
567
511
484
480
486
496
503
522
542
551
549
539
528
518
507
501
499
504
501
491
474
450
395
241
182
295
439
564
625
375
729
721
632
567
532
523
523
528
524
521
519
513
508
503
503
501
493
489
239
605
620
562
529
533
556
535
400
0
0
0
978
976
976
976
976
860
571
384
249
186
249
378
485
841
0
0
0
0
0
0
0
0
0
0
0
0
0
0
0
0
0
0
0
0
0
0
0
975
976
976
977
977
977
977
977
977
977
977
977
977
977
977
977
977
977
977
977
977
977
977
977
977
977
977
977
977
976
881
0
0
0
0
0
0
0
0
0
0
280
545
418
759
670
514
401
389
423
474
523
546
554
559
569
572
566
561
535
509
483
472
473
474
481
494
508
292
678
680
616
566
541
530
535
534
542
550
544
530
508
496
497
495
492
481
483
499
527
319
699
686
608
546
524
520
529
537
526
519
509
505
507
500
502
497
509
531
563
583
354
724
723
661
628
626
627
618
614
624
629
596
315
646
610
530
491
485
501
513
538
544
471
35
0
0
40
403
596
652
623
573
551
579
646
698
467
802
733
610
628
632
609
347
493
815
0
0
0
0
0
977
977
977
977
977
977
976
976
976
976
976
736
383
262
289
371
442
453
458
479
504
293
637
606
517
469
460
475
486
491
492
480
475
472
240
628
639
575
526
506
498
500
506
510
276
639
623
544
486
463
465
471
483
492
508
522
528
525
510
499
486
480
479
472
470
464
468
462
466
468
464
468
471
484
508
515
504
494
495
491
481
477
471
470
467
465
460
453
454
455
465
470
470
476
487
497
498
500
502
499
500
497
499
498
505
498
491
489
485
489
498
493
489
488
500
512
518
525
523
525
521
521
520
518
515
507
508
504
510
514
506
502
499
517
546
341
708
678
590
534
520
526
535
327
681
658
572
513
494
494
505
517
547
571
588
588
577
567
555
555
552
545
551
555
537
524
517
514
513
516
529
534
524
516
506
509
512
514
510
504
497
485
486
489
497
500
467
464
564
625
180
253
3
0
48
330
547
640
642
637
826
976
976
976
976
976
976
976
976
976
976
976
976
976
976
976
976
834
684
336
691
726
684
635
598
578
563
559
560
556
557
550
550
563
571
586
584
594
600
611
611
596
579
569
573
578
574
569
564
561
550
531
523
516
522
525
502
455
420
427
439
438
453
486
513
520
498
482
478
492
507
515
526
537
556
574
585
593
588
577
551
500
458
453
473
496
506
504
493
488
491
484
483
510
562
606
644
659
657
599
536
490
474
475
481
438
343
289
301
362
416
444
366
241
234
335
481
586
621
613
578
537
503
490
493
504
510
514
516
489
440
424
543
398
791
786
688
598
549
545
314
677
655
555
482
462
459
474
490
507
520
535
548
552
566
574
583
595
596
588
565
545
532
519
508
492
470
445
437
414
390
405
436
470
489
492
499
510
527
543
549
551
532
495
439
392
367
353
383
428
451
471
477
471
469
466
481
506
551
603
648
428
808
800
734
683
664
635
514
474
576
724
976
634
109
977
977
977
977
977
977
977
831
977
977
977
977
404
22
0
0
80
250
373
434
461
486
489
488
475
465
465
467
476
490
530
347
877
977
977
977
976
0
0
0
0
0
0
0
0
0
0
0
0
0
0
0
0
0
0
0
0
0
0
0
0
0
0
0
0
0
0
622
977
975
975
975
975
975
975
975
975
975
908
585
0
0
0
0
0
0
0
0
0
0
0
0
0
0
0
0
0
399
975
976
977
977
977
977
977
978
978
978
977
978
978
978
977
978
978
978
978
978
977
977
977
978
977
977
977
977
977
977
977
977
977
977
977
977
977
977
977
976
707
0
0
0
0
0
484
795
651
976
952
805
668
595
581
592
595
593
582
574
562
551
541
542
542
547
536
529
519
517
521
523
531
540
556
570
317
689
695
619
552
521
511
515
525
528
529
522
524
527
538
564
586
335
706
703
628
562
528
520
523
527
520
519
514
519
527
532
541
539
555
569
569
564
551
544
534
525
530
525
521
502
487
473
470
444
431
438
422
394
388
402
441
473
492
493
489
486
473
396
0
0
0
0
0
0
0
0
0
0
0
0
0
0
218
506
650
441
732
630
493
418
451
502
559
612
633
642
643
620
594
567
543
534
527
526
521
511
509
504
499
500
508
509
502
527
556
598
617
600
598
611
624
624
604
373
732
686
576
507
500
531
577
619
638
624
605
583
563
553
587
617
623
601
562
533
529
576
664
553
959
917
767
642
554
495
479
478
496
496
489
489
479
473
475
484
485
495
527
557
567
573
566
558
544
526
530
526
523
514
511
510
503
497
486
482
485
499
530
554
577
587
575
564
545
532
520
508
505
501
505
501
487
479
471
472
475
469
470
479
516
551
570
576
570
568
558
541
537
528
521
511
500
492
483
489
490
480
478
470
474
484
509
538
551
557
554
545
525
491
464
442
440
450
448
447
438
443
449
449
440
436
448
468
505
510
469
448
466
494
503
488
493
523
530
542
331
673
634
531
447
386
343
303
284
309
359
418
458
477
465
409
277
193
215
265
296
361
423
471
493
290
639
592
506
470
475
490
505
508
509
513
514
523
532
326
677
628
525
467
456
465
478
492
500
515
529
529
537
339
696
647
560
500
477
484
497
508
509
500
500
495
491
476
454
429
387
394
440
487
524
536
536
529
516
509
492
437
378
362
387
415
433
447
475
506
524
544
548
535
524
520
491
425
396
430
493
541
575
401
737
673
570
514
503
503
504
500
501
493
501
511
532
558
589
642
678
680
649
602
566
544
547
553
549
543
540
540
536
543
372
739
720
637
571
533
528
530
530
532
530
526
520
512
509
505
513
525
542
552
551
551
543
540
538
533
531
526
522
515
509
510
504
510
523
519
520
523
534
541
534
532
525
522
515
510
510
506
505
502
496
496
491
500
508
520
530
527
525
519
516
517
515
511
510
507
508
508
504
507
501
505
517
522
527
522
521
518
519
523
523
520
513
513
512
510
514
509
510
505
516
529
534
540
538
537
532
529
530
526
529
530
527
516
511
510
505
512
524
542
375
718
653
555
505
494
509
527
533
353
690
636
540
484
477
495
532
556
569
568
563
559
551
551
542
539
540
531
529
522
523
526
538
560
569
577
581
578
606
658
462
758
632
505
456
464
486
498
515
527
536
533
529
530
521
520
529
531
527
526
524
526
526
521
518
520
522
523
529
546
565
589
414
745
674
561
498
482
487
503
529
567
579
531
471
460
488
518
549
556
537
533
566
636
552
874
752
638
608
617
635
633
644
651
620
572
529
502
481
475
475
459
448
464
508
552
589
624
449
794
741
653
604
577
563
558
543
532
512
493
468
446
436
432
426
446
483
494
490
492
501
507
506
494
483
478
491
513
528
546
539
519
505
507
521
533
556
559
568
552
524
493
472
480
491
515
537
545
546
541
544
552
558
564
568
572
565
584
617
618
606
629
663
486
845
794
677
587
542
545
569
589
601
589
574
557
550
554
568
572
558
553
542
526
517
516
529
544
571
588
588
575
555
548
545
531
521
508
499
485
468
463
463
471
492
538
584
630
444
814
766
662
593
573
573
570
562
550
551
564
588
601
598
601
593
586
585
597
610
620
627
623
617
604
590
598
615
632
642
418
762
697
582
505
483
523
544
538
536
557
546
513
486
496
529
574
600
609
618
621
626
629
623
611
586
560
545
523
510
499
494
501
534
572
579
570
545
516
489
470
464
466
469
468
474
473
465
464
473
507
547
565
581
586
587
580
566
558
541
532
532
534
526
510
509
534
572
615
637
642
638
624
594
555
515
479
456
441
434
442
465
491
477
450
441
454
479
489
498
507
510
509
492
483
485
489
488
478
474
476
426
307
228
242
333
429
487
522
524
501
453
410
394
408
423
445
460
470
502
535
565
570
569
560
545
539
539
543
547
336
687
636
541
486
489
523
565
585
578
564
558
333
663
590
485
425
409
432
454
480
512
546
568
569
563
546
539
530
527
521
511
502
489
475
459
443
441
470
525
575
609
409
762
699
589
522
535
563
569
568
554
542
556
575
596
590
567
548
530
538
366
778
738
598
490
438
434
448
469
494
522
542
562
569
556
540
546
573
675
598
975
894
691
515
424
408
449
510
561
568
550
519
491
485
486
492
492
492
486
477
472
473
480
502
530
561
569
566
552
531
516
503
499
498
489
483
478
482
478
487
514
555
612
644
649
416
722
644
527
452
433
438
458
473
486
482
487
514
530
535
519
499
476
451
439
438
445
456
460
467
467
472
482
508
553
585
600
599
590
591
624
705
510
780
648
503
419
408
448
531
609
660
664
648
613
586
565
554
529
512
503
485
481
487
504
526
551
581
607
397
741
688
595
536
515
514
512
512
508
508
507
511
520
531
544
547
547
565
646
503
873
795
640
529
474
459
498
521
511
512
516
559
640
506
915
862
722
607
549
553
582
625
656
697
485
835
811
718
640
594
568
553
542
539
538
532
523
519
534
539
537
500
425
363
381
455
508
550
581
590
588
566
543
521
511
514
511
487
433
352
366
485
612
656
637
601
574
564
565
565
562
549
546
534
529
521
527
547
569
569
567
561
546
522
503
489
477
472
467
473
484
500
520
522
522
527
542
554
553
551
537
529
535
551
561
559
542
528
525
523
522
512
511
504
511
517
509
506
485
431
325
0
0
0
0
0
0
0
0
0
0
979
977
978
978
978
978
978
978
977
978
977
977
977
977
977
977
977
977
977
977
977
977
977
977
977
977
977
977
886
684
578
517
242
629
668
610
592
651
708
691
630
561
516
507
505
529
551
585
574
557
294
683
707
630
563
539
547
561
563
560
550
543
543
551
568
572
575
571
568
559
546
541
530
526
524
521
523
529
545
567
591
605
593
583
570
559
556
547
547
544
546
545
536
535
546
567
580
577
575
568
562
559
549
546
540
539
535
529
529
530
548
561
575
582
578
568
557
551
552
547
542
533
532
532
524
533
550
571
579
586
580
575
561
551
546
539
536
528
525
522
517
518
523
546
572
311
700
729
654
578
531
517
517
242
631
654
588
524
490
486
485
494
496
503
518
534
559
567
577
575
563
551
536
530
529
523
519
512
507
504
504
506
502
499
495
503
523
538
554
558
563
565
559
547
533
530
527
519
517
509
507
509
503
501
495
503
500
498
494
495
514
535
558
564
561
557
547
543
561
541
528
514
507
501
505
507
504
503
494
498
499
496
504
518
543
554
562
558
549
539
535
526
522
247
616
642
576
518
488
485
484
497
495
498
501
505
530
284
663
693
628
565
526
513
512
520
523
517
513
511
510
508
503
505
502
503
499
490
496
512
535
553
289
669
690
623
562
524
516
519
523
525
521
519
512
511
509
504
504
499
505
506
527
546
556
556
547
539
527
514
511
513
522
534
534
531
523
518
520
513
505
494
472
429
379
366
378
398
417
430
446
459
469
483
497
527
561
591
337
681
655
557
491
474
495
528
543
551
537
538
530
516
504
510
526
567
604
607
595
572
565
567
563
566
561
559
552
539
528
517
516
510
500
230
616
634
585
552
542
507
402
288
164
118
155
222
304
360
234
159
171
233
309
374
416
409
388
354
341
386
457
480
447
415
491
659
539
954
934
772
611
511
480
494
510
526
523
524
525
524
539
555
560
545
517
500
504
271
666
667
594
530
493
492
499
510
511
516
515
508
506
500
494
492
490
501
514
521
513
514
522
529
535
533
526
519
515
512
506
508
503
504
504
503
510
513
526
531
535
543
542
548
541
537
534
530
530
523
520
517
508
505
507
507
504
496
496
480
389
197
66
8
76
170
0
0
0
0
0
133
350
527
628
820
934
775
550
398
341
344
407
476
465
361
290
267
328
380
388
400
416
422
411
381
349
976
976
976
976
976
976
976
976
976
976
976
739
459
219
53
245
0
0
0
0
0
0
0
0
0
977
977
977
977
977
977
977
977
977
977
977
978
977
978
978
978
978
978
977
978
977
977
977
977
977
977
977
977
977
879
532
112
462
525
512
495
482
475
461
435
416
405
368
325
346
395
423
466
513
524
521
514
516
525
525
524
503
467
436
413
394
391
397
405
408
423
455
505
542
299
674
671
591
528
488
454
353
195
60
25
113
274
425
520
573
582
578
569
555
554
548
553
558
304
673
666
597
536
513
511
511
538
542
535
524
519
524
532
535
517
513
523
533
543
535
520
515
509
507
505
505
527
552
562
570
316
688
703
713
695
626
547
498
485
497
532
559
573
591
596
616
636
632
613
337
681
669
591
530
500
498
507
505
507
503
500
497
493
506
525
546
556
556
553
543
541
538
532
529
520
513
513
510
508
505
505
514
529
544
555
565
575
548
536
529
524
526
520
521
517
518
519
512
511
516
531
551
556
556
549
546
536
538
538
531
527
520
520
520
514
513
512
512
514
530
548
552
566
557
551
544
539
533
532
526
526
526
523
520
510
508
501
511
527
538
548
549
553
306
663
666
593
531
500
494
503
509
514
512
514
520
536
300
665
666
583
514
477
467
469
477
491
496
504
507
501
503
508
526
540
550
554
545
539
527
524
522
512
509
504
504
506
500
504
511
534
551
555
559
558
552
546
536
533
528
531
532
525
523
516
509
506
502
519
539
558
578
331
703
701
622
556
521
521
525
531
524
517
508
503
494
493
491
505
527
536
542
544
548
547
536
536
529
531
529
525
525
517
511
507
512
510
502
504
503
506
516
529
552
557
566
392
777
727
609
529
500
506
523
529
535
532
529
528
525
519
511
513
516
529
546
554
559
554
555
548
537
524
510
503
492
487
483
483
486
484
489
495
494
498
501
526
558
576
591
353
714
709
627
562
534
534
540
543
546
541
536
530
526
525
518
517
515
525
534
544
560
563
565
561
551
545
538
534
532
535
535
530
527
520
518
514
517
516
514
530
545
561
569
562
562
555
549
548
542
540
534
536
527
519
519
522
522
517
510
519
535
554
570
573
580
580
576
564
558
552
542
536
529
527
529
522
520
513
515
516
529
556
569
577
576
579
575
563
558
548
542
533
525
521
513
512
507
505
507
508
525
541
562
567
568
560
556
550
542
520
514
508
490
471
460
462
468
469
478
480
496
523
543
557
314
673
627
576
528
512
510
516
510
511
512
259
629
627
562
525
517
532
542
548
548
543
538
530
527
521
516
514
509
513
509
511
508
511
525
542
565
570
571
570
556
548
539
538
536
530
529
523
517
516
510
512
508
508
511
532
549
552
554
550
548
544
534
528
521
522
519
513
516
509
505
504
502
507
520
541
550
554
551
542
536
533
527
528
521
521
516
514
513
507
507
501
502
499
515
534
537
541
534
528
523
521
525
275
649
640
560
502
483
480
492
511
523
293
656
656
576
516
492
497
514
515
520
516
516
514
509
515
522
541
551
556
311
677
675
597
539
511
508
519
516
525
519
518
520
513
518
531
556
569
323
700
693
613
550
521
523
517
524
521
518
517
506
500
493
506
522
535
541
538
530
516
508
528
541
538
527
521
517
516
518
513
513
508
523
551
562
563
554
549
545
535
536
532
534
530
531
532
526
524
532
556
567
568
570
565
558
546
540
536
528
522
512
507
495
492
489
493
497
502
526
550
570
586
345
706
692
611
550
521
520
528
525
525
519
513
504
508
520
533
551
552
545
525
482
464
463
480
508
520
522
515
510
507
507
532
551
563
563
567
561
545
530
510
501
503
504
507
503
505
509
501
509
513
511
507
500
510
519
523
524
525
528
525
522
517
512
510
501
511
521
545
555
553
551
547
541
530
521
518
510
507
504
500
505
505
507
512
528
543
549
557
547
540
530
525
525
521
520
514
513
502
501
504
499
492
465
416
359
352
438
541
606
596
538
491
475
471
469
476
488
496
503
510
527
525
514
512
498
500
513
522
534
531
528
523
512
508
503
499
492
485
490
501
522
534
541
544
537
534
530
534
300
660
642
559
504
481
489
515
537
555
556
555
553
540
536
533
532
297
660
650
571
513
488
491
514
533
554
559
560
552
541
532
527
534
535
532
532
528
524
523
514
523
542
549
555
560
554
545
544
535
532
532
528
524
517
518
514
512
522
529
544
549
556
555
545
535
525
528
533
528
528
524
523
452
719
976
977
976
976
459
0
0
0
0
0
0
0
133
469
644
657
595
538
514
522
542
552
557
549
543
533
528
527
521
523
520
527
530
544
599
671
723
493
816
742
617
531
492
496
516
529
535
525
520
515
514
530
544
567
588
591
583
566
552
541
535
529
526
525
523
524
530
537
576
588
581
567
561
550
549
550
553
544
536
534
528
529
537
554
583
602
619
636
378
658
494
309
215
207
265
333
397
439
457
470
478
496
520
531
536
538
535
526
524
523
520
518
509
504
504
504
509
509
522
535
549
559
563
566
562
549
546
535
532
523
510
505
495
493
497
505
530
554
574
586
583
576
562
554
546
534
522
514
504
490
480
483
485
504
527
556
574
580
592
587
586
596
594
573
527
481
465
476
494
499
505
504
502
496
506
520
551
569
572
576
566
554
540
532
531
527
525
517
511
507
497
493
471
446
426
420
439
461
488
507
517
523
514
504
501
496
490
488
479
488
511
515
494
453
426
417
415
440
470
500
511
512
510
514
286
660
636
550
487
465
467
472
477
470
458
443
445
455
485
508
288
658
632
551
499
477
484
489
495
496
489
478
446
407
412
447
507
575
400
754
684
568
500
475
368
313
357
423
492
542
360
711
636
503
465
497
541
556
543
502
457
434
437
424
316
326
411
484
543
564
414
310
301
321
354
390
360
34
0
0
0
89
321
409
198
90
143
450
669
485
800
766
714
648
571
495
424
310
299
440
610
782
809
715
584
511
409
266
946
975
975
975
497
593
466
362
174
144
328
625
792
798
713
610
557
447
271
443
746
549
780
627
452
395
413
374
287
510
878
829
975
939
670
480
420
428
243
0
110
503
816
693
932
735
526
364
238
346
668
649
970
883
714
547
178
0
0
0
0
426
745
599
850
663
516
449
451
556
524
328
760
769
676
593
511
365
355
288
212
0
0
0
0
0
0
0
772
975
975
975
975
975
976
976
976
976
976
976
976
976
976
975
788
0
0
0
0
0
0
0
0
0
0
0
0
0
0
0
0
0
0
0
164
388
536
419
750
681
651
715
665
465
371
389
460
540
655
698
667
539
431
374
348
427
574
737
782
631
309
581
560
561
584
612
620
574
485
398
428
528
608
661
693
569
407
370
415
485
528
552
586
565
511
460
434
464
528
590
621
543
478
413
336
358
446
526
638
586
457
352
260
327
495
655
545
936
851
667
469
308
313
411
640
930
974
671
293
143
162
287
441
528
632
686
630
511
424
456
573
688
764
603
797
602
388
235
237
361
509
537
75
0
0
71
391
636
750
587
797
564
389
390
437
509
614
742
703
555
441
414
497
674
772
594
794
561
337
278
381
534
688
749
645
344
676
659
637
612
659
921
975
974
975
975
975
975
975
975
975
975
931
640
495
432
425
456
532
681
726
601
465
374
309
290
301
433
805
653
842
617
420
390
476
615
871
959
837
615
343
212
249
391
561
445
791
745
612
475
478
566
642
712
682
567
455
355
322
356
422
514
708
762
426
704
642
569
564
571
539
539
551
519
487
413
385
443
492
517
609
533
937
801
576
377
315
373
483
637
674
419
781
694
538
481
320
203
200
365
515
554
520
516
570
640
678
686
647
569
532
506
400
321
320
392
485
524
487
488
519
521
526
536
552
579
594
630
645
605
510
421
400
422
449
541
621
636
601
465
274
199
294
463
625
691
635
513
366
282
324
427
550
663
822
621
802
519
326
315
400
506
614
675
745
681
518
400
403
470
532
677
781
717
558
384
287
310
400
471
543
698
777
724
544
368
331
395
543
724
700
553
311
182
227
402
656
714
975
975
975
856
516
291
247
351
575
620
497
270
239
341
415
464
529
648
643
465
181
136
295
512
692
632
975
881
635
423
276
293
447
607
676
698
517
303
313
456
416
911
842
661
383
154
219
430
584
716
576
852
608
337
261
351
502
617
644
595
507
425
444
544
645
694
702
625
497
395
415
489
560
611
659
688
632
532
400
371
420
487
576
634
976
918
975
744
424
283
341
434
456
483
463
415
339
337
445
497
488
544
549
458
361
337
410
510
717
584
715
457
346
377
475
553
552
495
425
427
484
518
531
579
462
795
642
404
301
319
393
547
627
583
464
376
385
451
574
626
632
608
406
238
234
385
547
626
645
464
807
665
463
381
396
471
599
698
603
431
380
432
496
521
472
374
344
368
423
499
412
793
679
544
476
458
468
473
463
453
454
473
518
566
443
773
651
520
467
460
455
437
438
495
589
696
612
974
975
895
862
830
784
547
848
724
618
626
690
729
728
709
693
661
618
576
544
519
513
540
574
586
577
558
543
526
500
480
471
475
486
513
558
598
608
595
568
546
534
534
541
541
536
538
571
631
665
663
625
581
553
537
534
526
510
491
484
505
554
583
585
565
543
529
516
495
476
468
459
444
449
494
531
569
600
625
648
649
631
589
551
533
541
577
611
611
504
381
338
381
457
504
510
488
461
464
611
426
713
586
486
460
482
511
541
559
566
601
426
764
659
530
458
446
457
469
458
429
422
457
517
553
558
531
506
495
495
493
489
485
480
494
534
562
560
531
500
480
477
482
480
470
467
471
496
522
541
544
540
532
515
490
457
428
420
428
455
470
460
444
420
406
423
462
506
534
522
499
518
584
655
505
820
660
505
439
432
454
474
494
505
521
541
534
510
491
484
476
469
460
451
437
423
430
458
483
489
490
495
497
491
480
472
463
451
439
453
482
518
544
550
537
526
519
519
512
507
506
505
532
571
442
787
674
553
501
505
517
523
520
515
513
534
563
578
575
569
551
533
521
508
501
493
483
482
503
538
561
571
563
551
535
532
529
541
560
565
562
556
557
576
586
581
567
560
550
549
552
554
543
553
499
377
353
428
509
514
482
462
486
759
974
975
975
975
975
646
170
15
571
928
837
561
343
726
525
429
645
761
691
624
596
582
561
527
549
617
624
600
576
544
538
536
463
363
327
365
444
513
554
560
561
546
526
512
508
515
510
501
497
500
503
516
517
539
612
621
558
534
582
590
527
464
443
474
524
536
526
537
623
675
669
634
600
583
568
565
577
641
702
676
627
507
348
241
120
176
382
578
679
684
621
556
504
480
186
44
976
976
976
976
976
976
976
976
976
976
976
976
976
976
976
976
976
976
976
976
976
976
801
683
670
776
895
976
976
515
0
0
0
0
0
0
0
0
0
0
0
0
478
914
755
975
854
727
776
934
976
976
976
976
503
257
470
926
976
976
976
976
977
976
0
0
0
977
978
978
978
977
978
978
978
977
976
464
0
978
979
979
979
979
980
979
978
980
980
980
980
979
979
979
981
982
982
982
981
981
982
982
982
982
982
982
982
982
982
982
982
982
982
982
980
979
979
978
0
0
0
0
147
501
776
966
561
810
706
626
841
979
980
981
981
981
982
981
982
982
982
982
982
982
982
982
982
982
982
982
982
983
981
982
981
980
886
855
871
0
0
0
0
0
154
915
960
689
184
587
452
157
0
0
0
0
0
0
0
771
981
980
981
981
981
980
980
216
0
0
0
0
0
0
0
0
0
0
0
0
0
0
458
843
640
979
979
874
558
439
426
312
121
0
0
0
0
0
0
0
0
0
0
0
0
0
0
0
0
0
0
0
0
0
0
0
0
0
0
0
0
0
0
0
0
0
0
0
0
0
0
0
0
0
0
0
0
0
0
0
0
0
0
0
0
278
593
335
888
976
976
976
822
500
43
0
0
0
0
0
0
0
0
289
463
567
625
656
673
643
576
448
233
0
0
0
0
0
0
0
350
673
903
975
976
977
977
977
976
976
976
976
976
977
977
977
977
977
977
977
977
977
977
977
977
977
977
976
977
977
976
976
832
0
0
0
0
0
0
0
0
0
0
236
472
544
462
356
290
263
276
325
355
333
190
54
27
52
42
0
0
0
0
0
121
258
418
558
578
456
270
118
158
345
551
685
685
425
69
0
0
0
0
167
450
594
601
549
513
521
556
604
702
847
942
935
835
729
629
542
603
630
615
582
538
474
406
327
250
135
0
0
0
0
0
0
0
83
239
311
395
549
721
796
332
680
749
668
565
549
532
463
507
705
890
931
848
767
799
423
830
854
683
403
63
0
0
0
0
0
0
0
328
442
117
0
0
0
0
0
0
0
0
0
974
973
974
974
975
975
975
975
975
975
975
975
975
975
975
974
210
0
0
427
974
975
975
975
975
974
619
0
621
637
0
0
0
0
0
0
0
0
0
0
0
0
0
0
0
0
0
0
0
0
0
0
0
0
0
0
0
0
0
0
0
0
0
0
0
0
0
0
0
0
0
0
0
0
0
0
0
0
0
0
0
0
0
0
0
0
0
0
973
972
972
973
974
974
974
974
974
975
975
974
975
975
974
975
975
975
975
975
975
975
975
975
974
975
975
974
975
974
975
974
974
975
974
974
975
975
974
974
974
974
974
974
975
974
974
974
974
974
974
974
974
688
98
486
621
645
620
585
552
537
543
541
537
535
540
534
530
534
535
534
529
532
528
530
533
530
531
541
539
538
532
537
535
536
542
536
536
543
539
538
534
540
533
542
537
541
538
537
533
544
543
546
559
566
565
558
557
552
545
539
534
526
524
517
511
513
521
520
519
524
526
522
529
527
524
519
526
534
534
527
534
528
528
530
530
530
538
531
529
528
536
530
531
541
539
538
547
545
550
543
544
535
529
531
525
520
520
523
519
518
519
515
520
521
524
512
513
520
515
517
523
517
512
536
150
598
748
728
647
581
549
539
542
553
558
566
140
698
787
724
624
553
507
488
491
516
552
594
609
587
476
386
391
458
529
557
557
538
533
521
516
516
519
525
533
532
528
527
529
525
530
546
553
557
563
564
567
580
596
597
599
597
583
575
574
573
574
579
579
578
586
579
574
567
568
558
545
542
540
536
528
529
532
531
538
537
534
539
535
539
539
542
538
538
536
554
569
592
615
627
221
665
777
738
675
626
596
198
653
773
730
652
600
568
559
567
566
561
562
564
556
555
575
586
602
605
585
552
544
532
521
503
483
476
492
502
497
484
478
481
472
482
492
505
509
508
518
532
535
535
534
543
544
542
547
539
540
545
549
551
545
550
544
542
543
532
524
525
524
527
529
538
533
533
535
526
521
528
531
529
535
540
540
535
534
523
512
495
537
550
552
169
640
775
759
703
643
597
185
641
769
743
677
632
634
268
738
855
818
744
689
699
827
624
975
975
975
975
975
975
975
976
976
976
977
979
979
979
979
980
980
981
980
980
979
979
978
978
978
979
979
980
980
980
980
980
980
980
980
980
980
979
979
979
979
979
979
979
978
978
978
978
978
978
977
977
0
0
0
0
0
0
0
0
0
0
0
0
0
0
0
0
0
0
0
0
0
0
0
0
0
0
0
0
0
0
0
0
0
0
0
0
0
0
0
0
0
0
0
0
0
0
0
0
0
0
0
136
191
141
71
33
22
98
215
315
375
413
442
454
474
510
539
568
598
606
606
612
632
642
649
643
629
611
605
596
590
595
598
593
579
572
560
550
546
540
543
535
125
673
798
729
621
536
494
497
510
527
531
546
552
553
560
165
608
746
730
666
604
570
559
573
588
593
597
607
616
611
601
588
566
