972
972
972
972
972
972
972
972
849
500
341
344
426
511
555
555
538
520
505
495
490
485
481
477
465
457
455
465
508
567
614
630
610
581
556
536
525
511
498
492
493
493
488
509
578
640
664
661
641
611
580
565
553
535
528
522
511
489
497
556
610
627
618
598
575
553
537
520
505
490
480
467
454
466
521
572
588
580
559
539
525
516
498
479
465
462
466
485
530
561
564
557
529
509
496
480
468
459
439
425
412
427
471
508
514
507
506
491
482
481
473
449
422
406
402
436
500
551
576
568
552
536
520
505
488
473
462
444
419
426
493
578
637
640
623
599
574
554
548
540
529
516
500
484
481
523
585
618
629
613
588
566
554
542
524
503
491
486
481
478
508
588
654
682
674
651
625
600
574
545
516
499
497
495
487
478
490
550
603
619
611
580
563
550
520
484
466
461
459
466
467
455
439
453
506
559
577
584
560
533
516
505
494
478
462
452
444
437
432
452
506
563
584
587
565
538
518
504
486
472
455
441
435
429
424
425
453
511
563
575
571
546
522
506
497
491
481
468
460
455
450
444
440
474
528
561
573
542
501
480
470
461
451
444
445
452
459
457
479
526
553
561
546
528
513
505
494
483
473
473
472
468
453
442
463
509
542
559
552
536
519
511
500
493
481
470
461
454
456
492
546
586
602
577
548
526
515
503
494
483
471
458
448
461
517
575
586
585
553
524
510
508
498
485
478
475
474
470
508
577
619
621
583
542
517
513
516
509
497
486
476
463
465
510
570
598
603
579
546
528
523
521
517
505
490
473
453
445
481
528
557
558
547
519
494
486
478
467
457
445
442
440
436
443
476
508
518
517
496
476
472
473
469
460
454
453
455
454
462
492
528
552
546
536
527
519
510
495
483
472
470
469
465
483
522
548
559
546
532
516
509
508
490
479
477
477
474
465
479
518
546
559
547
532
512
503
505
504
499
497
491
484
490
523
568
593
597
587
576
573
559
547
540
535
530
521
515
532
582
624
639
638
623
605
589
571
553
537
523
508
499
490
505
556
608
623
614
598
571
542
515
497
486
477
470
462
454
448
449
447
447
482
548
591
598
590
572
550
534
521
508
492
483
474
473
470
461
460
462
486
543
582
602
605
