296
507
425
377
363
368
387
412
462
613
920
970
970
970
970
970
970
702
343
169
157
259
379
465
498
484
447
401
367
346
345
361
379
389
389
384
379
373
387
489
721
970
970
970
970
970
924
538
254
129
161
281
427
534
587
565
497
422
362
335
334
349
372
386
392
398
438
599
909
970
970
970
970
970
970
583
286
154
179
288
414
512
541
511
446
385
341
325
328
341
365
383
399
410
410
418
504
729
970
970
970
970
970
720
325
124
113
230
377
497
545
524
458
389
333
304
301
318
346
365
378
393
396
389
380
397
513
796
970
970
970
970
970
946
522
231
112
153
284
433
543
575
550
495
442
400
372
361
359
359
355
344
319
295
327
505
820
970
970
970
970
970
630
344
181
148
217
335
441
500
503
461
395
336
303
296
305
324
346
366
380
382
379
374
384
472
714
970
970
970
970
970
970
970
570
262
145
189
311
437
505
509
474
423
369
336
315
318
332
342
358
375
383
383
380
376
382
470
696
970
970
970
970
970
970
792
388
153
95
174
306
428
489
492
436
366
305
274
265
268
275
284
293
305
319
337
355
375
420
553
820
970
970
970
970
970
970
970
970
677
360
289
351
450
513
521
477
417
369
353
358
369
443
413
393
410
506
764
970
970
970
970
970
970
768
314
65
41
196
357
450
505
597
750
904
970
970
971
978
978
976
976
976
975
975
975
975
975
975
975
975
975
975
975
975
975
975
975
975
975
975
975
975
975
975
975
975
975
975
975
975
975
975
975
975
975
975
975
975
976
976
975
976
975
975
975
975
975
975
975
975
975
975
975
975
975
975
975
975
975
975
975
975
975
975
975
975
976
976
976
977
977
977
977
977
976
977
976
976
976
975
975
975
975
974
974
974
671
180
39
241
461
589
635
633
628
637
644
668
696
719
694
543
322
180
173
87
0
0
34
250
400
442
435
426
414
435
462
471
513
524
514
536
551
572
598
618
609
588
563
544
549
552
555
561
555
545
547
572
602
611
575
462
347
437
974
848
535
364
879
974
974
975
975
975
975
975
975
975
975
975
974
341
242
462
689
961
975
975
975
975
975
975
975
975
975
743
526
442
440
477
500
513
526
523
510
470
403
309
213
132
87
90
154
268
386
480
524
273
537
654
679
699
669
617
592
590
585
576
577
588
607
627
640
652
648
631
594
564
551
539
522
518
525
532
537
540
542
540
265
534
643
646
597
542
499
473
470
483
495
505
478
440
423
397
355
320
287
275
284
281
261
231
202
182
190
228
295
388
461
507
538
540
523
518
513
507
460
432
452
499
534
551
556
562
574
588
584
567
558
547
534
528
520
513
510
507
492
442
362
316
345
389
394
392
351
327
338
270
256
333
394
323
147
0
0
0
0
0
0
0
0
0
48
0
0
0
0
0
0
0
0
133
359
505
641
691
655
605
568
527
513
524
531
523
514
521
529
259
513
604
618
585
550
521
515
248
516
627
640
603
554
517
502
513
517
525
537
539
535
534
533
532
528
523
522
524
525
530
537
532
525
523
521
522
526
529
530
529
530
536
536
528
520
521
512
514
527
533
530
539
532
527
526
529
528
528
529
526
530
525
527
536
530
500
511
520
549
561
276
419
400
366
305
314
327
398
459
500
531
634
725
776
763
727
742
705
654
601
549
530
519
519
532
540
543
597
655
639
600
558
527
491
473
480
535
594
331
561
628
609
546
504
489
513
544
585
621
683
771
520
164
240
364
521
624
631
591
535
523
521
539
541
521
497
430
416
518
526
507
528
646
750
432
663
715
726
773
865
744
386
181
197
249
368
534
564
555
546
570
611
689
801
460
636
592
470
389
371
457
572
572
507
493
483
473
555
691
642
451
436
431
352
430
494
525
579
699
797
395
568
598
577
530
500
497
503
525
556
572
575
551
575
601
344
585
698
689
621
546
474
462
499
516
551
583
596
601
576
550
528
521
502
485
464
450
457
466
483
517
586
651
263
497
594
616
608
565
547
525
535
532
538
539
541
540
545
545
541
540
533
527
531
526
518
523
525
522
521
526
530
531
532
535
538
536
539
544
535
533
536
533
530
532
531
531
532
527
532
532
527
527
536
535
528
533
533
529
530
538
536
532
536
532
532
536
532
529
532
527
525
533
534
531
533
534
533
533
530
528
526
525
528
532
537
516
554
559
552
548
536
527
525
528
533
534
530
536
537
531
532
545
536
532
539
539
262
527
637
638
594
549
520
504
518
520
525
533
529
512
517
517
511
518
528
530
540
266
524
623
632
601
555
514
512
537
587
628
622
585
568
335
871
973
973
973
330
0
34
254
449
559
578
556
523
510
516
533
549
551
553
568
574
573
570
565
561
556
542
514
507
527
546
580
584
582
588
570
564
579
597
596
301
623
677
910
974
975
975
976
976
976
976
976
976
976
976
977
978
979
979
980
980
981
981
982
982
982
982
982
982
982
982
982
982
982
982
982
982
982
982
982
982
982
982
982
982
982
982
982
982
982
982
982
982
982
982
982
982
982
978
977
977
976
976
886
0
0
0
0
0
0
0
0
0
0
0
0
0
0
0
0
0
0
0
0
0
0
0
0
0
0
0
0
975
975
976
977
978
978
979
980
980
980
981
981
981
981
981
982
981
981
981
981
981
981
981
981
981
981
981
981
981
981
981
981
981
981
981
981
981
981
981
981
981
981
981
981
981
981
981
981
981
981
981
981
981
981
981
981
982
982
981
981
980
980
980
979
979
979
979
978
979
809
844
979
979
980
980
980
980
980
980
979
492
0
0
0
0
0
0
0
0
0
0
0
0
0
0
0
0
0
978
978
838
0
0
0
96
979
979
979
979
980
980
980
980
980
979
979
978
978
318
186
547
979
979
980
980
980
980
980
980
980
976
0
0
0
0
0
0
980
981
981
981
981
981
981
981
980
980
980
979
979
0
0
0
0
0
0
0
0
0
0
0
0
224
778
979
979
979
979
980
980
980
980
980
980
980
980
980
980
980
980
980
722
541
599
763
889
937
875
787
853
980
980
980
782
0
0
0
0
0
0
473
738
960
980
980
483
0
0
0
0
463
980
980
980
981
981
981
981
980
980
980
591
202
0
0
59
264
484
688
824
903
945
935
855
703
362
0
0
0
0
0
0
0
0
0
0
0
0
0
0
0
0
417
979
979
979
979
789
0
0
0
0
0
0
0
0
0
0
0
0
0
0
0
0
0
0
0
0
0
0
0
0
0
0
0
0
0
476
978
978
979
979
980
980
980
980
980
980
980
980
979
976
0
0
0
0
0
0
0
0
0
0
977
977
0
0
0
0
0
0
0
0
0
0
0
0
0
0
0
0
0
0
0
0
0
0
0
0
0
0
0
0
0
0
0
0
0
0
0
0
0
0
0
0
0
0
0
0
0
0
0
0
0
0
0
0
0
0
0
0
0
0
0
0
0
0
0
322
536
598
592
553
517
497
494
496
500
506
511
510
508
517
519
516
517
515
514
514
515
517
522
523
528
538
530
522
526
523
522
527
529
523
520
518
519
519
519
522
525
513
511
517
513
509
507
508
504
507
514
526
526
526
527
531
527
522
518
521
518
516
517
524
524
523
522
524
525
526
521
522
519
517
520
526
524
522
523
527
524
522
523
525
521
523
524
526
520
519
520
525
529
531
527
527
525
525
525
529
528
528
528
528
533
532
529
527
534
532
530
529
534
532
527
521
507
517
548
553
546
536
523
519
519
521
519
522
526
524
520
523
521
523
530
529
525
527
525
523
523
525
526
528
524
523
523
518
514
517
514
508
514
517
519
533
538
529
528
524
523
527
527
523
532
527
520
522
522
523
527
527
532
523
525
527
534
531
528
527
527
522
517
526
529
534
545
546
542
537
535
528
526
524
527
529
527
531
521
519
518
527
531
530
541
537
535
536
536
532
525
521
526
520
524
526
535
536
531
535
532
525
530
527
527
525
524
524
528
527
530
532
533
530
530
528
526
519
524
524
522
524
531
527
531
528
531
530
532
530
528
522
522
515
518
517
522
526
530
530
531
529
524
523
528
525
527
526
531
526
528
529
538
534
532
532
530
524
523
522
524
521
521
530
532
526
533
522
522
554
558
549
535
528
526
521
521
530
533
532
536
535
527
530
531
532
532
532
533
522
525
538
541
538
533
528
524
522
527
530
529
528
524
523
525
522
526
525
525
522
523
529
529
525
532
528
526
527
533
528
526
528
530
530
534
534
530
524
520
509
506
497
493
494
493
494
504
504
504
511
517
513
521
531
534
529
525
518
516
514
515
516
513
515
516
520
528
517
517
526
528
526
530
530
529
525
530
530
521
522
523
524
526
524
535
537
538
540
547
543
540
541
541
533
527
532
537
542
544
537
539
548
539
539
540
539
538
536
546
549
555
558
558
555
551
554
559
560
566
578
583
588
609
639
707
810
922
974
974
974
974
975
976
977
977
977
976
976
976
975
975
975
975
975
975
975
976
976
976
976
976
976
976
976
976
976
976
976
976
876
0
0
0
0
0
0
0
0
0
0
0
0
0
0
0
0
0
0
975
977
978
979
979
980
981
981
981
981
982
982
981
981
982
982
982
981
982
982
982
982
982
982
980
980
979
979
979
979
979
979
979
978
978
978
978
978
978
978
978
977
977
977
977
977
833
767
732
635
517
471
495
543
713
977
977
494
0
0
0
0
0
0
0
0
0
0
0
0
0
0
0
0
0
0
0
0
0
0
0
0
0
0
0
0
0
0
0
0
0
0
0
0
0
0
0
98
412
637
785
912
975
975
975
975
975
975
975
975
975
829
573
398
304
286
337
396
439
466
478
488
508
542
588
621
622
609
593
557
484
408
330
232
132
60
24
39
88
163
261
395
743
975
975
976
976
977
978
978
979
980
980
981
981
981
981
981
981
981
981
981
981
981
981
981
981
981
981
981
981
981
981
981
981
981
981
981
981
981
981
980
979
977
976
0
0
0
0
0
0
0
0
0
0
0
0
0
0
0
0
0
0
0
0
0
0
0
0
0
0
0
0
0
0
0
0
0
0
0
0
0
0
0
0
0
0
0
0
0
0
0
0
0
0
0
0
0
0
0
0
0
0
0
0
0
0
0
379
791
972
974
974
974
974
974
974
974
479
34
0
0
0
0
90
55
0
0
0
0
0
0
196
974
974
974
974
974
974
974
974
974
974
974
974
974
841
550
420
411
464
537
585
638
713
768
797
797
772
710
609
490
367
254
188
200
264
344
425
473
500
515
499
541
548
541
534
528
523
522
523
527
525
527
529
522
520
526
522
520
525
524
524
526
526
523
520
518
518
521
516
512
519
516
515
523
524
523
525
527
526
525
522
521
523
523
523
528
524
523
528
527
523
523
524
525
527
529
534
531
531
530
530
531
529
528
528
527
525
526
531
529
527
524
527
524
529
520
525
529
530
528
529
530
531
526
525
526
528
523
522
523
531
523
527
524
519
514
519
518
519
521
528
532
536
535
532
528
527
521
523
526
526
528
530
529
525
522
529
527
527
530
525
520
526
523
526
528
538
540
540
537
538
529
526
526
532
534
531
523
515
515
518
534
534
537
541
549
547
542
535
532
519
517
525
534
540
543
544
546
539
533
529
530
527
527
538
543
542
559
572
578
622
873
974
974
894
751
776
756
336
0
0
0
0
0
78
447
684
746
677
592
526
494
490
501
512
521
521
516
519
519
517
514
514
510
509
514
522
527
534
536
538
534
534
534
533
530
527
521
521
520
520
521
522
522
522
519
518
518
522
524
526
526
527
527
525
524
524
521
525
526
526
527
528
529
531
533
534
532
529
526
526
525
526
523
528
530
534
530
532
534
532
528
529
527
523
521
524
527
530
534
531
527
527
529
527
527
525
525
524
524
528
533
531
525
522
528
528
525
523
529
522
525
527
531
531
531
529
529
531
534
534
541
545
563
579
597
603
617
635
636
619
586
547
505
475
462
467
470
475
486
488
488
493
497
498
498
496
499
503
505
508
516
517
517
523
525
523
526
527
524
526
521
541
575
569
556
541
529
529
528
527
526
532
534
536
537
536
533
531
528
528
532
530
528
534
531
526
530
522
523
527
531
532
530
529
528
532
530
529
534
532
529
533
525
528
529
533
529
528
532
526
524
530
533
542
539
544
544
544
544
541
538
539
533
534
536
536
538
539
533
533
529
528
530
539
535
531
528
537
531
530
527
527
530
534
535
542
539
539
536
539
534
531
530
535
524
527
530
532
530
533
533
534
525
527
530
533
527
528
531
535
530
538
534
536
530
531
528
529
524
527
527
528
527
529
527
527
522
525
525
527
528
530
527
534
528
527
526
534
532
531
528
533
525
527
528
534
530
527
527
527
525
530
528
529
536
535
531
536
528
526
525
534
531
528
530
530
526
529
532
535
534
516
519
545
550
543
536
529
526
525
523
519
517
515
512
514
517
520
531
526
526
534
527
518
516
523
523
520
532
534
529
521
525
526
525
525
529
532
535
535
533
529
531
523
523
526
528
531
540
542
534
527
524
524
531
533
530
528
533
529
531
531
534
534
532
530
528
530
532
531
537
535
532
532
536
526
529
532
529
527
530
534
525
516
523
524
525
532
533
531
535
530
532
532
538
535
529
524
529
525
526
528
529
529
529
526
531
524
523
523
532
532
531
528
532
526
531
532
531
527
529
529
535
528
527
528
532
530
528
530
527
519
527
530
529
528
533
530
530
524
525
526
530
528
525
523
528
526
535
534
534
535
539
533
528
529
529
526
532
533
531
531
535
526
523
522
524
530
525
522
530
526
522
533
575
579
571
561
549
527
521
505
497
503
508
513
524
530
535
539
541
540
541
540
543
550
542
542
552
546
538
534
541
542
538
535
527
528
526
530
540
540
540
541
537
529
528
540
543
545
555
546
536
533
527
519
517
518
519
519
521
517
514
514
513
516
523
522
520
522
515
502
499
502
507
512
519
530
543
542
545
539
523
512
500
485
455
416
390
376
393
468
564
614
660
653
593
517
446
410
426
459
499
542
542
518
509
511
530
549
549
548
565
677
854
974
974
974
974
975
974
974
974
974
974
974
805
436
334
389
500
591
700
596
78
0
0
0
0
124
328
446
452
419
396
395
409
434
449
463
480
490
500
509
510
509
511
507
509
517
516
518
532
531
532
545
540
530
533
534
535
537
536
514
555
559
551
540
529
525
530
529
529
541
540
535
530
527
520
517
519
522
524
529
532
532
532
527
524
523
523
522
522
521
517
515
525
525
523
531
526
527
525
528
528
525
531
533
528
529
529
533
531
531
530
530
521
523
530
528
528
534
533
531
527
526
527
530
530
534
533
531
523
527
526
526
527
532
528
527
529
530
530
534
533
529
525
530
525
526
528
530
531
534
532
533
530
530
532
536
534
532
531
538
533
541
544
545
543
543
545
546
541
535
528
522
521
524
528
527
520
520
527
526
521
524
518
511
508
503
499
499
499
505
509
509
512
521
519
516
521
521
519
524
526
529
534
531
534
534
542
541
541
543
554
552
546
546
538
530
528
525
523
525
522
520
522
510
503
503
497
494
503
495
504
541
547
540
528
520
518
514
508
513
508
501
513
543
596
665
673
602
503
452
432
412
421
475
556
618
599
564
544
531
518
496
485
486
505
516
529
537
546
552
554
551
549
544
550
554
553
556
553
552
549
547
545
544
544
548
547
548
545
541
538
521
521
523
532
534
536
536
535
527
524
529
521
529
533
533
531
536
527
521
522
528
524
518
526
527
528
537
534
536
543
544
542
536
528
522
513
505
495
507
514
520
531
535
534
529
529
528
529
529
530
527
524
516
523
524
526
530
539
537
535
534
534
531
535
536
534
527
527
524
531
533
535
536
540
536
535
533
532
530
534
530
527
524
532
529
530
529
527
525
529
530
534
525
530
532
536
533
531
532
535
526
533
536
536
532
536
537
536
543
535
510
521
510
462
279
132
186
321
458
524
510
486
506
571
680
798
940
974
974
975
975
976
977
977
977
977
977
977
978
978
978
978
978
977
977
977
977
976
975
975
664
0
0
0
0
0
0
0
0
0
0
0
0
0
0
0
0
0
0
0
0
0
0
0
0
0
113
479
756
974
974
974
974
974
974
974
974
974
974
710
419
365
361
327
379
403
289
236
211
320
675
863
802
579
406
310
249
298
406
464
501
490
490
474
470
475
478
485
499
506
513
519
529
543
552
545
530
516
502
486
466
463
455
468
498
514
532
543
537
529
527
523
522
526
521
522
533
530
526
531
534
532
526
516
522
524
529
533
538
534
520
504
502
506
520
528
532
539
541
546
540
527
520
513
512
509
518
525
519
519
503
506
540
521
495
492
505
529
531
527
529
537
533
531
532
537
533
507
508
516
517
531
533
537
539
557
622
627
601
574
550
528
513
512
516
517
515
514
516
516
519
522
519
515
520
520
519
523
523
526
527
521
519
518
524
524
523
528
529
528
529
530
532
533
530
528
533
529
525
530
531
528
533
534
530
529
531
532
530
526
525
530
525
524
531
527
523
532
532
529
531
527
522
527
528
525
528
527
525
530
526
522
533
537
527
516
527
541
546
558
561
563
557
522
471
423
424
448
493
520
527
529
528
