972
972
972
972
972
972
972
972
972
972
972
972
972
972
972
972
972
864
512
384
402
471
523
544
546
541
524
502
491
479
475
473
470
464
460
477
515
543
558
552
533
515
504
498
489
483
484
481
479
478
478
494
526
551
562
563
559
552
541
532
524
511
495
486
483
482
480
485
508
542
588
605
614
613
593
536
451
399
407
448
506
554
571
548
521
527
559
586
589
585
564
540
527
522
517
500
485
473
465
457
454
453
453
481
511
522
522
525
514
505
497
488
476
467
462
456
455
450
449
448
457
474
491
501
506
496
492
490
488
481
476
472
470
468
468
470
469
472
487
506
529
534
533
527
523
516
507
498
493
486
475
474
490
495
495
512
547
581
591
597
593
580
571
568
562
552
543
538
535
531
520
507
510
540
575
594
597
588
571
557
553
553
554
549
543
535
535
563
607
642
648
639
617
598
582
569
551
535
519
510
509
497
490
526
598
654
680
680
665
633
597
571
552
536
523
511
501
490
486
523
598
650
643
613
571
527
494
476
464
457
464
466
466
463
458
447
439
428
422
474
549
599
609
611
584
543
509
485
470
456
444
423
405
399
386
402
468
541
607
658
676
658
632
620
614
624
621
612
597
576
558
535
502
459
416
383
403
508
624
691
700
647
575
526
500
484
483
471
461
489
527
520
485
461
459
450
481
557
615
618
619
600
570
563
548
514
485
477
485
520
538
536
514
481
505
512
426
346
375
483
545
498
414
376
401
434
520
592
620
681
628
458
350
394
426
418
412
456
519
526
472
411
379
374
365
363
381
416
450
449
438
446
476
496
503
499
445
356
378
450
477
496
484
471
473
468
426
400
425
507
589
578
518
473
446
418
464
519
535
518
535
553
538
508
497
495
474
468
488
510
540
562
594
660
670
613
569
549
546
510
494
536
582
606
587
491
497
551
554
524
466
454
527
589
599
615
633
620
601
573
520
500
507
469
422
397
424
545
686
758
713
594
502
442
437
436
394
345
421
390
376
450
486
488
480
502
524
522
487
430
383
420
476
483
465
487
546
610
644
630
623
587
494
485
550
623
673
721
756
733
646
570
521
490
500
555
634
709
722
673
593
518
465
397
351
351
389
479
571
612
619
598
480
433
469
531
551
518
465
434
448
468
440
428
437
451
460
447
432
416
391
388
317
359
481
504
462
439
449
465
458
451
446
461
500
540
594
623
611
567
518
491
474
462
461
492
513
530
557
571
550
573
612
602
568
525
472
430
419
444
498
567
611
620
603
575
548
529
512
495
478
460
468
514
567
587
585
556
527
508
495
480
465
453
452
488
544
574
585
571
545
522
513
500
475
453
444
482
571
640
651
633
631
625
603
551
507
489
481
481
518
589
643
685
657
642
664
643
582
530
513
516
517
537
571
586
566
558
537
504
438
376
348
352
370
380
455
586
687
742
711
656
584
485
395
337
354
396
404
458
540
580
595
556
487
467
483
504
438
356
352
386
461
509
557
586
556
530
523
487
431
400
399
405
419
480
577
603
571
523
451
400
411
451
482
484
462
483
548
586
583
499
416
410
447
476
486
532
511
452
448
519
529
492
489
512
535
537
503
466
435
423
480
552
591
609
591
559
535
512
497
504
527
558
614
675
679
616
544
506
513
513
509
494
469
453
458
515
583
602
574
548
521
516
507
495
467
433
414
421
492
563
589
594
570
551
539
528
510
501
515
534
552
590
624
624
621
623
606
594
526
423
378
380
403
420
430
432
436
425
430
486
545
578
587
553
544
548
534
497
462
437
412
408
452
485
542
602
632
644
649
634
579
539
507
470
447
459
497
491
465
477
520
582
660
753
749
653
535
465
455
493
530
529
507
515
533
530
509
477
444
426
425
415
389
377
389
399
401
418
472
535
562
565
551
529
516
538
557
530
490
447
419
414
475
565
626
638
622
586
542
482
446
451
467
472
461
451
453
500
571
612
604
580
549
519
501
481
462
456
449
444
450
471
534
600
636
615
571
518
467
441
437
440
457
451
420
425
499
585
642
667
637
576
533
512
489
459
428
402
381
382
420
471
499
501
498
505
510
531
538
524
498
481
474
454
471
544
582
587
584
597
539
494
487
485
458
434
443
478
538
586
588
566
535
506
503
518
526
513
498
504
501
500
527
538
531
537
515
490
485
486
476
458
456
468
521
594
629
607
556
502
471
484
501
466
409
400
428
491
567
607
602
565
522
491
466
457
449
436
423
420
462
521
548
551
532
549
522
451
430
434
439
451
496
548
576
550
503
455
425
409
404
408
412
404
419
468
510
520
504
471
462
471
476
474
453
436
448
504
552
576
560
527
486
467
460
459
456
455
467
463
489
534
572
584
548
513
487
464
441
424
426
463
519
541
522
535
585
638
646
620
559
488
435
422
437
458
481
490
487
470
448
447
499
565
590
587
556
495
442
441
485
562
638
611
496
382
357
401
492
570
609
601
544
502
480
507
542
554
560
548
560
561
541
530
559
596
601
531
448
422
460
508
560
584
584
555
528
506
502
504
496
478
465
452
476
527
555
565
542
514
493
483
471
462
457
457
480
541
593
634
643
627
596
567
536
500
474
465
490
550
601
614
589
539
503
492
491
491
487
466
443
458
519
567
575
565
525
492
470
462
455
447
443
447
461
498
531
517
497
474
474
477
476
468
455
442
435
464
516
549
557
538
523
522
525
517
495
484
480
493
538
581
596
575
541
520
518
548
570
589
602
624
646
668
683
697
696
666
629
597
556
458
223
0
0
133
433
648
729
713
626
553
520
503
478
450
433
463
546
609
621
599
548
505
485
470
464
449
438
433
470
533
567
549
514
492
477
475
472
467
458
443
421
427
476
524
527
501
471
459
453
444
435
425
416
419
465
546
588
582
556
534
527
524
511
488
463
431
379
385
465
542
588
622
619
591
561
538
531
530
520
525
557
587
595
585
550
503
465
444
440
439
435
443
493
556
590
594
581
550
516
493
467
459
460
465
466
484
532
576
592
588
563
531
510
479
457
448
452
457
482
524
552
547
529
497
483
481
481
477
467
453
429
430
477
534
559
552
523
472
429
410
398
389
387
397
425
446
452
449
445
441
435
427
426
428
431
430
427
430
427
428
451
467
467
459
461
469
473
470
468
462
456
451
459
491
527
546
547
549
547
570
592
579
541
507
496
515
542
554
566
583
590
597
617
639
625
580
532
485
501
572
641
677
680
642
599
548
509
497
507
513
529
564
610
626
605
589
601
608
578
506
443
432
444
457
487
533
549
530
501
485
492
488
476
464
456
457
466
486
508
513
488
448
446
461
472
476
471
463
454
478
528
561
539
497
468
457
462
476
488
504
529
558
598
611
609
585
560
518
483
471
468
463
460
480
535
588
596
569
536
529
535
511
474
445
431
440
486
530
530
507
482
473
486
504
511
507
495
487
510
538
548
540
534
517
472
423
409
426
455
491
527
530
466
393
436
550
634
640
587
525
470
450
465
493
512
518
509
495
489
493
501
495
484
502
540
589
609
593
550
524
511
496
491
481
474
499
533
554
564
570
576
583
568
543
527
507
503
546
598
611
600
557
527
522
520
515
506
491
483
489
496
490
488
495
500
493
457
425
402
427
487
554
570
525
481
465
480
493
499
499
491
483
504
541
558
547
530
517
507
491
486
487
487
499
538
577
594
564
530
512
503
491
482
475
472
490
526
554
561
547
516
497
494
502
520
536
550
560
561
549
548
553
555
550
535
523
520
517
545
588
617
634
627
588
541
512
496
491
499
537
576
593
599
585
568
548
534
526
513
498
506
551
595
608
600
577
556
533
518
504
490
477
497
544
579
586
579
551
521
502
493
486
479
475
509
563
595
601
579
545
516
496
484
476
468
467
504
565
604
619
596
560
527
512
502
484
466
461
499
564
607
628
611
574
536
505
489
481
474
456
452
502
562
593
604
596
567
533
497
478
461
451
445
443
438
440
476
538
559
558
532
508
485
469
453
442
433
431
428
425
430
468
517
543
545
521
496
481
470
455
445
436
433
427
421
424
456
488
499
497
478
464
454
448
442
442
439
433
431
444
475
494
489
470
461
463
463
462
457
450
447
447
476
519
545
535
518
503
497
499
497
488
479
479
467
472
509
552
571
575
566
554
542
530
519
507
498
491
486
511
560
594
606
598
576
555
541
525
513
503
497
490
488
506
557
597
610
608
595
582
573
565
550
534
520
509
522
577
625
647
650
638
605
574
552
531
518
509
496
490
524
591
629
633
626
598
560
530
512
498
486
469
456
448
459
514
575
604
609
586
553
526
506
488
473
466
455
447
443
438
430
445
504
566
590
595
570
531
505
487
473
463
454
449
447
440
432
433
476
538
568
579
562
537
516
497
485
471
461
454
450
446
439
436
468
526
561
582
573
549
522
504
496
486
478
468
461
457
475
529
573
593
584
568
541
520
507
497
483
468
456
445
442
441
437
444
476
532
580
601
597
580
548
512
495
492
489
482
472
460
450
468
510
541
562
573
557
535
524
522
521
513
504
491
482
487
543
649
734
740
711
665
617
574
534
494
455
429
425
430
431
425
419
444
500
547
567
571
561
541
523
497
475
463
459
458
454
448
438
433
450
488
525
547
553
545
524
505
494
483
471
463
460
455
464
504
548
567
569
565
544
522
499
496
491
486
483
479
460
446
447
490
549
580
581
570
545
518
507
499
494
480
459
446
441
438
461
514
552
563
559
541
538
559
567
548
516
487
474
468
463
457
473
507
533
536
530
503
484
472
463
455
450
446
442
442
439
441
464
500
521
523
506
494
487
481
476
472
462
454
451
447
459
498
525
530
514
499
488
486
481
473
462
461
459
456
474
515
545
559
549
536
521
511
505
496
487
481
476
476
474
467
480
526
567
584
580
573
560
547
537
528
517
509
506
502
493
500
541
585
604
594
574
560
548
537
529
521
505
497
494
490
482
480
517
563
584
597
585
563
547
536
526
515
503
494
485
481
506
565
609
630
619
601
579
557
534
510
500
497
495
485
473
462
462
508
576
621
636
623
595
567
545
521
502
489
487
490
486
477
468
496
551
595
622
618
594
550
510
485
468
459
455
446
432
416
406
406
414
455
519
549
552
552
536
527
531
538
535
526
523
494
460
471
505
537
545
527
504
483
479
479
464
449
432
405
368
352
370
436
524
566
533
488
521
554
295
67
244
485
596
565
507
456
437
488
593
685
757
700
449
323
394
506
551
520
486
464
454
452
458
486
512
515
501
490
486
483
475
459
444
426
403
397
419
447
486
528
555
556
545
528
515
494
464
445
439
444
447
447
453
481
500
503
497
483
474
472
471
469
466
458
448
449
471
528
552
555
545
537
530
524
516
514
509
503
492
495
533
583
610
618
612
596
580
569
560
549
535
524
517
509
509
554
608
628
629
607
584
565
551
539
529
520
514
517
518
534
585
630
651
645
627
599
567
545
529
517
505
495
484
476
467
480
537
600
629
633
605
575
555
541
529
508
491
482
472
455
449
479
547
603
625
628
599
559
532
520
510
500
485
470
459
448
459
505
591
662
675
619
578
551
517
499
499
508
547
643
678
641
592
608
650
693
716
696
632
549
522
652
942
972
973
973
973
973
972
972
674
536
514
526
480
404
394
404
401
389
390
398
401
418
473
524
530
502
465
435
422
429
442
449
443
431
429
437
462
476
467
444
465
496
513
489
483
498
511
505
510
459
326
268
282
340
371
367
391
482
533
526
543
568
567
586
503
428
325
694
0
973
977
978
979
979
979
979
979
979
979
979
979
978
978
978
978
978
978
979
980
980
979
979
979
979
977
976
976
977
977
978
978
977
975
974
973
0
0
0
0
0
0
0
0
0
0
0
0
0
0
0
974
975
975
974
974
973
383
0
22
88
0
0
0
0
0
0
92
457
737
766
656
541
528
689
875
882
703
596
588
677
767
658
461
361
454
569
593
510
437
507
663
773
775
686
670
654
566
503
541
544
488
392
270
273
389
500
468
311
241
289
363
397
489
614
654
584
606
743
775
615
423
470
690
960
974
974
974
975
976
977
977
977
976
973
0
0
0
0
0
0
0
0
0
397
842
808
570
428
593
697
647
542
461
424
417
424
435
430
447
497
549
597
608
595
601
639
640
618
579
544
530
526
514
505
510
538
580
605
606
594
574
554
546
533
518
500
489
479
473
467
456
457
500
578
627
639
640
614
585
560
540
521
506
492
482
480
477
466
454
486
562
628
665
664
