974
974
974
974
974
974
974
974
974
974
974
974
974
974
974
974
974
974
974
974
974
974
974
974
974
974
974
974
974
974
974
974
974
974
974
974
974
974
974
974
974
974
974
974
974
974
974
974
974
974
974
973
973
645
431
381
417
472
501
494
487
482
470
480
510
565
598
607
593
573
557
544
537
509
444
374
340
345
360
403
468
514
542
551
543
531
525
521
523
530
529
517
504
490
502
527
554
566
569
564
550
532
518
511
506
502
499
499
497
501
533
579
611
634
643
638
619
594
572
552
541
536
527
514
503
506
537
582
613
627
632
624
610
595
582
566
547
532
520
505
489
476
487
531
574
601
615
612
594
576
556
535
515
499
485
472
457
445
436
429
430
462
513
558
578
584
567
546
528
513
497
484
472
462
456
450
444
447
481
530
569
585
592
573
548
524
503
484
476
464
457
451
446
464
508
556
585
603
594
569
541
519
498
483
473
467
460
454
468
513
560
589
608
601
576
547
523
504
491
484
475
462
453
448
471
523
580
610
625
616
587
556
531
513
492
475
462
449
437
432
437
460
510
567
599
620
622
651
724
736
662
543
433
385
381
396
413
421
417
409
429
480
530
560
571
564
545
523
502
494
491
485
473
460
448
431
420
421
439
480
528
552
554
536
514
510
530
554
548
510
467
437
425
426
439
464
502
535
545
537
513
493
485
495
492
482
465
450
435
432
430
439
473
523
572
585
560
522
495
482
473
466
466
473
482
505
547
580
587
581
549
514
507
513
519
512
492
470
460
458
459
468
493
526
542
536
539
531
518
507
501
498
501
507
505
495
519
550
567
563
548
524
512
497
487
475
465
460
466
481
499
505
498
486
475
464
460
458
449
422
400
421
462
518
575
584
586
565
541
530
536
537
522
508
500
472
417
420
506
577
603
593
570
555
546
532
517
507
495
496
523
563
585
599
592
583
576
567
550
527
514
520
531
540
550
598
648
619
558
521
523
533
522
491
464
451
444
451
461
478
518
572
598
586
567
533
509
490
455
439
445
458
466
471
496
543
573
578
543
520
522
557
600
614
600
582
511
444
443
477
497
507
508
508
515
515
513
500
496
507
521
522
526
542
558
555
539
523
511
504
489
452
404
383
396
433
467
484
471
445
418
405
419
448
473
485
494
499
514
548
584
595
597
580
586
610
604
563
504
462
450
480
519
540
551
543
532
510
489
482
500
518
509
502
523
548
562
576
600
603
585
567
574
572
528
484
472
489
505
515
525
526
522
511
504
496
495
0
0
0
0
0
0
0
418
974
974
974
974
974
974
973
852
522
388
399
456
500
522
530
528
518
541
666
829
864
752
617
545
523
531
550
561
556
544
544
554
558
571
598
620
614
599
581
565
549
533
520
515
533
570
598
608
597
578
563
549
534
519
503
486
480
504
544
581
595
579
558
550
538
520
500
488
476
461
458
492
545
575
579
568
554
537
522
508
492
481
458
426
411
448
515
559
570
562
550
538
524
513
507
494
473
467
452
451
481
512
520
513
512
519
523
518
507
491
490
497
515
542
568
597
597
578
553
522
486
449
427
417
415
430
467
503
506
478
452
453
476
492
508
521
517
496
495
541
584
611
604
575
510
449
422
417
413
418
441
494
576
645
651
608
567
548
530
509
489
473
464
460
473
496
502
497
483
479
477
483
488
486
482
510
570
626
649
657
629
593
568
548
550
639
828
858
600
382
346
422
509
563
573
570
558
549
523
489
456
445
490
559
605
617
604
568
519
479
449
429
416
414
415
437
482
514
519
502
478
461
457
455
449
445
474
570
667
666
616
543
492
471
472
480
485
481
473
472
485
525
576
609
617
610
606
601
587
563
533
514
493
500
550
598
623
622
600
565
531
504
477
477
527
634
692
691
635
562
518
509
519
519
503
478
460
451
446
440
444
466
493
509
511
501
490
483
472
459
447
437
412
400
422
465
491
498
496
485
472
460
438
402
393
408
432
470
517
549
561
528
570
705
695
532
414
389
394
403
425
481
529
576
577
557
535
516
506
508
514
488
495
524
564
572
545
527
506
509
538
572
575
559
521
489
476
485
512
543
562
568
571
558
530
556
750
743
609
492
448
465
504
529
610
974
974
974
629
406
391
421
414
402
443
498
533
534
521
508
501
494
486
483
479
475
468
475
500
524
534
514
486
469
462
444
418
396
381
379
395
433
481
517
534
523
513
503
486
460
443
444
453
473
502
522
520
511
507
511
516
522
533
541
548
564
591
621
639
646
642
625
606
588
582
646
792
964
974
947
777
603
491
372
301
320
391
465
509
543
597
662
703
704
676
625
581
549
531
518
507
489
503
544
584
601
599
577
546
523
503
489
486
465
463
517
592
646
674
681
643
579
518
475
462
460
457
466
514
578
623
642
636
603
561
522
490
465
450
445
450
495
560
610
622
605
569
530
502
483
471
456
446
441
437
440
463
519
573
592
612
632
616
566
524
507
499
479
449
419
402
404
437
514
582
610
638
643
623
594
554
518
489
470
461
451
434
448
511
572
581
564
514
484
483
491
489
472
448
431
436
489
567
608
619
580
534
500
481
468
456
445
432
425
420
423
464
543
601
638
629
597
547
507
482
467
457
445
429
419
413
415
450
523
588
604
604
573
533
502
485
469
454
441
433
427
422
422
422
461
525
575
600
592
557
527
504
487
469
455
448
442
428
419
415
424
469
535
569
581
565
535
510
491
473
456
448
448
444
437
424
415
431
476
518
533
538
522
500
486
475
468
458
451
446
443
440
438
444
477
518
534
544
530
514
498
490
483
475
468
462
455
453
448
448
462
497
525
547
545
537
519
503
496
494
493
492
487
481
470
455
445
458
499
528
550
549
539
523
513
510
501
490
475
468
469
478
493
523
566
615
631
624
602
578
563
551
533
511
499
494
492
485
481
505
562
605
636
635
620
590
566
549
537
524
514
498
490
483
474
479
505
547
582
594
601
580
549
528
515
503
488
480
470
462
457
451
445
451
487
536
568
570
569
546
523
506
495
487
473
459
451
445
440
436
432
435
460
501
526
530
533
517
497
484
480
477
472
468
461
456
452
452
472
510
524
532
521
507
497
494
495
493
487
476
471
467
464
485
523
548
567
563
550
531
518
506
495
487
481
475
470
469
468
482
514
545
559
575
569
554
539
530
521
514
508
504
498
491
482
492
525
551
584
601
605
593
578
555
534
521
513
504
495
478
465
467
489
535
568
578
611
615
582
543
518
506
496
486
477
468
463
459
456
470
508
547
565
583
578
559
533
505
485
474
469
464
460
459
455
451
465
495
523
532
539
527
510
499
494
488
479
475
473
468
466
480
511
527
545
543
529
515
510
500
489
478
471
467
466
464
462
462
467
494
525
543
561
562
552
537
521
513
505
496
486
477
475
477
479
473
488
523
548
559
551
534
527
526
526
521
517
512
508
502
490
486
496
527
557
584
584
584
577
563
552
546
541
531
523
519
510
496
483
489
524
566
580
598
593
579
593
635
590
500
459
449
453
463
473
464
459
466
494
526
542
545
537
524
509
496
488
482
478
473
470
471
491
526
553
558
549
544
531
521
509
493
480
473
464
459
455
451
459
492
528
550
557
557
546
526
511
498
496
483
476
470
457
457
486
527
548
546
534
517
502
487
466
455
451
452
454
457
457
464
483
509
521
521
514
500
481
463
435
410
398
398
406
414
414
417
437
464
483
483
479
472
471
474
474
477
483
493
504
504
501
499
504
518
521
509
495
485
477
473
471
470
472
475
478
476
489
514
526
526
524
520
515
511
506
498
492
488
489
491
491
486
502
546
590
635
656
660
644
631
616
607
596
580
562
550
540
534
550
607
759
889
799
587
482
490
532
560
574
585
597
618
711
809
837
725
580
494
473
497
523
530
520
505
490
476
464
454
443
438
452
499
561
595
606
602
585
556
525
502
488
478
470
469
458
454
446
437
448
491
531
550
553
546
527
512
496
481
472
462
455
450
444
440
436
442
470
508
526
528
526
256
500
493
486
480
474
468
462
458
452
448
460
488
515
525
527
521
509
497
492
485
476
468
464
462
461
457
455
452
457
476
499
516
525
527
520
513
509
497
486
480
476
476
474
473
473
473
469
469
486
504
514
530
534
533
521
514
507
505
501
497
492
486
480
479
493
523
540
558
558
553
544
540
541
544
539
534
526
517
510
505
510
540
581
610
624
632
625
607
586
576
568
550
523
505
497
493
491
484
479
476
494
537
582
606
624
619
597
567
552
542
536
525
514
507
501
496
491
490
509
551
588
587
557
599
778
820
711
566
469
430
415
400
387
382
390
410
432
466
514
550
574
587
580
558
537
526
523
515
496
482
469
461
459
462
460
452
461
497
525
539
546
551
545
528
511
500
492
480
469
461
450
439
437
437
433
426
435
467
495
509
519
514
503
495
488
484
481
477
473
469
465
462
462
464
474
499
518
519
517
511
507
502
499
493
488
479
471
471
475
474
480
499
525
535
542
543
535
522
510
502
497
493
486
480
473
464
471
505
534
555
577
576
562
554
549
544
553
564
555
532
515
532
565
588
602
601
592
581
577
583
588
575
552
534
521
509
513
553
538
536
554
585
614
619
600
581
570
559
535
512
508
510
506
488
471
467
501
555
583
588
595
577
555
534
516
498
484
478
468
460
457
453
452
453
485
532
559
558
557
535
511
493
479
468
466
458
439
415
396
384
384
398
431
469
492
496
482
458
446
455
472
488
488
475
451
421
409
420
454
478
495
511
505
498
476
451
421
397
392
408
448
506
562
583
576
553
529
518
516
512
510
513
509
496
479
494
522
560
588
600
598
577
552
527
503
487
474
463
452
447
457
492
534
551
565
558
539
528
513
501
495
495
493
492
487
483
495
525
542
563
561
551
535
531
526
513
503
493
483
476
475
475
478
494
516
530
537
546
533
519
510
506
503
500
494
489
478
461
450
456
477
491
490
488
487
488
495
506
519
521
528
525
521
506
493
498
520
538
540
540
535
528
525
508
511
500
499
498
490
484
477
483
494
500
503
504
499
497
492
485
479
480
484
492
503
513
532
553
577
581
576
563
554
545
534
521
510
504
496
495
492
496
519
549
564
574
559
545
534
527
522
515
506
495
494
486
475
485
525
557
566
576
570
561
551
544
539
531
523
514
504
503
528
563
597
603
599
581
566
550
531
506
477
449
435
434
441
445
457
497
544
571
581
597
577
548
534
525
516
506
495
486
476
470
465
463
479
513
543
555
567
558
542
527
514
506
501
498
487
481
491
492
491
491
481
460
448
464
502
527
535
544
532
519
512
505
500
501
499
492
483
475
469
469
467
463
470
495
532
547
571
576
562
533
504
483
473
480
493
496
489
476
465
459
453
452
471
503
532
537
544
530
517
508
506
503
494
505
513
519
507
482
477
469
476
483
460
457
495
540
557
570
556
536
515
462
437
543
752
837
684
448
209
142
240
379
589
915
952
607
265
157
249
384
462
485
508
602
638
554
491
465
466
474
490
561
727
860
769
306
92
180
311
419
529
726
974
974
827
361
107
101
170
289
558
803
834
599
250
136
225
374
470
544
704
767
514
224
169
262
371
478
549
601
533
440
413
422
525
756
971
864
398
0
0
0
0
375
901
974
687
173
22
133
340
644
974
974
581
43
0
156
409
684
894
974
974
974
459
0
0
0
20
413
493
239
160
267
453
538
456
465
508
533
523
460
396
388
433
485
554
654
593
476
448
485
531
571
569
573
719
712
484
340
347
456
639
725
759
812
799
739
700
684
667
627
636
645
676
742
710
588
422
377
429
456
528
595
639
649
587
604
635
507
442
429
438
490
662
826
569
21
0
0
0
0
0
0
0
0
0
0
0
0
0
0
0
692
868
741
528
391
445
626
795
786
652
521
398
346
419
493
520
515
531
545
543
518
504
491
516
739
973
973
973
974
974
974
974
973
613
231
642
974
974
891
524
273
253
352
475
569
650
766
906
859
696
578
554
567
581
593
614
635
620
582
513
461
435
451
504
570
669
730
742
690
627
559
467
405
409
481
573
623
643
631
594
561
548
538
504
507
613
641
611
582
557
540
714
974
974
737
324
182
226
341
452
523
544
532
500
471
461
462
499
553
577
563
529
498
482
473
465
454
454
493
543
554
532
503
486
484
476
464
459
452
462
499
519
467
333
272
358
464
489
436
397
386
423
479
505
494
469
452
452
464
473
466
459
481
524
549
540
517
498
495
493
480
457
445
467
523
567
575
562
547
543
543
510
432
412
469
582
658
674
630
560
508
462
433
449
485
517
606
688
727
693
627
565
520
473
446
449
477
549
647
707
725
680
611
571
540
493
444
432
487
522
580
645
693
710
666
590
521
473
447
429
418
433
518
632
716
744
704
622
549
495
460
438
436
452
480
516
606
689
725
703
661
609
577
540
507
478
456
453
458
457
445
427
398
427
553
655
675
667
650
625
591
562
546
531
513
493
468
449
444
433
430
490
602
622
558
446
338
282
299
376
457
482
467
435
401
378
428
556
664
705
603
446
372
392
447
493
536
546
502
460
430
406
381
360
361
391
477
595
662
664
610
556
536
522
508
503
522
506
468
438
423
419
422
458
538
589
603
576
535
496
475
457
444
431
417
402
392
390
391
412
472
550
576
579
557
541
532
506
465
395
280
191
171
208
267
361
483
568
591
599
582
547
510
484
457
446
440
423
414
400
412
469
540
586
623
646
653
639
618
601
588
563
531
505
489
512
568
614
644
656
645
598
540
501
477
460
442
430
422
436
523
654
705
659
541
434
401
410
442
469
487
475
491
519
543
532
479
452
459
475
538
700
824
683
424
257
248
309
412
508
552
550
514
481
470
471
490
504
475
445
447
497
550
565
538
501
483
472
450
418
387
377
380
395
455
536
592
606
571
559
556
546
533
517
514
506
494
512
555
561
554
558
571
571
583
577
531
443
226
79
223
459
547
545
539
530
555
569
519
319
250
345
455
518
566
590
583
583
573
578
584
565
527
485
461
447
456
501
542
546
528
504
479
467
465
467
467
440
404
410
476
588
631
593
521
489
499
510
504
501
502
496
498
548
596
622
596
529
494
475
456
441
434
433
462
501
521
550
582
579
549
500
466
442
423
414
441
530
654
676
576
451
407
421
443
446
437
428
413
374
241
116
169
342
487
540
531
498
452
434
461
505
546
571
563
566
553
530
502
476
473
478
477
466
451
473
537
578
562
546
522
502
481
464
460
488
577
690
653
611
566
556
585
581
556
532
526
546
557
528
491
482
492
504
503
527
560
558
518
394
284
314
409
491
551
537
439
365
350
397
425
442
470
479
467
451
459
484
500
500
502
508
505
488
466
452
448
447
465
489
504
500
490
482
478
475
473
466
465
465
476
498
505
501
489
488
491
493
487
483
481
481
498
524
537
536
525
512
510
510
506
502
496
498
526
560
581
605
627
614
581
546
520
495
487
496
534
575
590
585
573
570
555
543
531
519
507
511
549
591
609
600
583
574
569
563
553
540
526
531
569
609
624
620
605
586
569
550
532
520
509
520
561
607
640
678
714
717
643
503
424
430
464
513
577
617
626
610
595
565
539
518
504
497
492
488
516
556
573
570
552
531
515
504
488
473
461
449
451
488
530
545
537
518
507
500
490
480
468
459
452
446
453
492
528
530
514
498
485
477
468
454
444
437
433
441
467
500
510
504
489
481
475
471
461
453
450
445
448
483
519
534
527
512
501
500
489
479
470
463
457
461
492
524
540
542
534
519
509
499
489
480
474
472
472
495
531
545
554
541
521
509
500
492
489
482
479
467
463
485
522
540
550
528
514
502
495
485
481
475
471
469
481
508
526
547
545
534
523
513
502
495
490
492
511
544
556
487
345
342
408
472
504
515
521
520
511
492
470
451
449
454
459
476
505
525
527
532
515
490
460
445
448
458
467
473
473
463
456
474
503
522
533
526
526
565
748
973
973
863
475
283
267
326
413
480
514
516
508
498
494
498
506
508
500
494
487
483
496
533
564
570
560
540
534
542
551
553
554
543
515
486
470
489
541
585
598
586
562
523
486
483
495
501
490
476
467
465
488
531
550
549
524
500
495
499
500
497
496
500
502
517
555
586
593
580
567
561
556
550
541
524
508
496
503
546
596
605
608
599
595
587
574
553
530
511
465
342
251
385
588
637
583
533
447
301
284
362
455
501
531
577
628
716
698
608
531
491
479
486
497
505
500
496
528
551
549
540
525
513
510
496
472
453
444
449
498
552
582
558
604
702
829
762
580
440
388
400
436
488
532
547
541
512
475
448
435
433
400
345
308
286
227
208
279
388
442
372
143
0
0
0
0
211
466
620
683
671
628
561
497
468
487
501
494
481
482
492
506
517
510
503
489
465
395
280
193
179
274
411
510
550
520
455
398
372
377
412
437
437
426
420
426
454
484
481
467
466
499
529
543
528
467
405
385
401
453
519
564
551
510
485
459
437
480
568
724
966
973
973
973
973
973
973
759
600
500
476
476
519
601
701
751
742
708
709
788
911
931
841
720
639
612
643
664
634
660
786
830
882
975
974
979
981
980
979
978
977
976
975
974
0
0
0
0
0
0
0
0
0
0
0
0
0
0
0
0
0
0
0
0
0
0
0
0
0
0
0
0
0
0
0
0
0
0
0
0
0
0
0
0
0
0
0
0
0
0
973
974
974
975
976
977
978
977
977
977
977
975
971
973
976
973
972
973
976
973
973
972
972
0
0
0
0
0
0
0
0
0
0
0
0
0
0
0
0
0
0
0
0
0
0
0
0
0
0
0
0
0
0
0
0
0
0
0
0
0
0
0
0
0
0
0
0
0
0
0
0
0
0
0
0
0
0
0
0
0
0
0
0
0
0
0
0
0
0
0
0
0
0
0
0
0
0
0
0
0
0
0
266
535
602
565
503
459
438
446
484
552
634
656
642
585
495
415
358
374
431
508
587
969
970
970
970
970
970
969
969
969
969
969
969
431
0
0
0
0
165
291
337
331
370
560
969
970
970
970
971
971
971
971
971
971
970
969
968
0
0
0
0
0
0
0
0
0
0
0
0
0
0
0
453
703
776
703
562
431
392
560
689
565
412
287
150
163
351
562
741
968
969
971
973
972
972
971
971
971
971
970
970
970
970
970
969
969
969
761
25
0
0
0
0
104
383
535
498
340
234
259
389
468
489
532
618
678
615
454
383
464
746
969
969
970
970
970
970
970
970
970
970
970
970
970
969
0
0
0
0
0
0
0
0
0
0
0
0
415
969
969
969
969
970
969
969
856
67
0
126
324
555
822
850
738
645
401
192
207
306
326
315
430
714
941
838
581
526
854
969
970
970
970
970
971
970
970
971
971
971
971
971
971
971
971
971
971
972
972
972
972
971
971
971
971
971
971
971
971
971
971
971
972
972
971
971
0
0
0
0
0
0
0
0
0
0
0
0
0
0
0
0
0
0
0
0
0
0
0
970
970
487
0
0
0
0
293
970
970
800
413
731
971
971
972
971
971
971
970
970
0
0
0
0
0
0
0
0
0
0
0
0
0
0
0
0
0
0
508
428
431
503
373
863
969
969
667
0
0
0
0
194
969
969
969
969
969
918
970
970
970
970
970
969
0
0
0
970
970
970
969
144
310
970
971
970
970
717
0
0
0
0
714
971
971
971
971
971
971
971
971
971
971
971
970
970
665
971
972
971
971
971
971
627
0
717
971
970
0
0
0
0
0
0
0
970
598
136
0
0
971
971
971
970
0
0
0
0
971
971
970
970
0
0
0
0
970
970
184
0
0
0
0
0
554
970
382
0
0
0
0
970
648
543
564
575
226
105
970
970
970
970
0
0
0
0
970
970
494
0
0
0
971
971
971
970
969
0
0
0
393
970
970
695
0
0
0
0
971
970
969
0
0
0
961
969
0
0
0
0
0
0
0
0
0
0
0
970
970
969
969
969
969
966
970
970
970
970
970
970
970
970
971
971
970
970
970
970
971
971
970
970
0
0
351
971
971
971
971
969
0
0
0
0
0
0
0
0
0
0
0
971
972
970
972
971
971
972
973
974
973
971
972
971
972
972
971
971
971
971
971
971
971
971
971
971
917
569
408
400
450
501
524
536
537
527
519
518
515
510
509
513
519
520
518
520
523
527
527
520
519
522
536
556
576
573
548
518
508
511
519
529
536
536
528
517
507
500
494
491
497
496
484
486
493
483
474
484
493
503
509
511
521
529
534
524
509
502
499
502
515
509
496
501
507
511
523
516
515
515
492
485
494
502
501
504
509
514
514
524
517
517
514
512
518
517
514
510
504
495
503
514
524
528
514
507
