616
221
331
364
392
574
969
970
970
970
970
970
970
970
970
970
969
969
0
0
0
0
0
0
0
0
0
0
0
0
0
0
970
971
974
978
975
975
974
974
974
973
973
973
973
974
974
974
975
975
974
974
974
974
974
974
974
974
974
974
974
974
975
976
976
975
975
977
977
977
977
977
977
977
976
976
977
977
977
977
975
974
973
973
973
973
973
972
972
972
972
972
972
972
972
972
972
972
971
710
186
0
0
0
0
0
0
0
0
0
0
0
0
0
0
0
0
0
0
0
0
0
0
0
0
0
0
0
0
972
974
977
977
977
975
974
973
973
972
972
972
971
971
970
404
0
0
0
0
0
0
0
0
0
0
0
0
0
0
0
0
0
0
0
0
0
0
0
0
0
0
0
0
0
0
0
0
0
0
0
0
0
0
118
325
444
473
457
430
410
409
421
433
439
436
432
431
448
476
444
432
436
442
438
436
437
435
433
432
430
429
435
443
448
452
456
462
467
481
517
604
748
969
969
970
971
972
973
975
975
976
976
977
977
978
978
977
977
976
977
977
977
975
973
973
972
972
972
972
972
972
972
972
972
972
972
972
972
972
972
971
971
971
971
971
971
971
971
971
971
806
546
361
210
88
28
7
0
0
0
0
0
0
0
0
0
0
0
0
0
0
22
553
851
881
970
627
324
165
145
206
285
328
330
300
254
212
185
177
174
169
160
159
237
492
812
970
970
953
800
645
503
394
337
320
320
323
310
282
256
237
232
235
233
228
222
301
548
914
970
970
970
955
700
510
390
341
326
333
334
315
282
256
236
225
222
220
211
220
323
622
960
970
970
970
970
970
782
399
311
296
315
323
304
277
261
253
254
272
305
346
507
822
970
970
970
970
970
872
578
397
358
394
432
436
404
350
304
275
259
259
267
271
319
543
965
970
970
970
970
970
970
738
449
312
290
300
290
267
240
210
180
164
166
176
186
212
399
781
970
970
970
970
970
970
970
970
970
738
473
315
235
207
208
223
238
244
241
246
396
763
970
970
970
970
970
970
970
970
856
577
401
304
251
228
215
207
199
201
199
194
190
224
414
818
970
970
970
970
970
970
849
559
415
372
371
361
324
277
241
222
217
226
243
258
267
321
587
970
970
970
970
970
970
970
693
473
399
387
389
374
349
317
293
286
289
286
276
266
263
364
703
970
970
970
970
970
970
970
864
580
467
440
420
383
329
277
240
211
242
220
186
145
150
353
713
970
970
970
970
773
522
375
325
334
357
351
306
250
210
194
195
203
209
207
201
197
236
434
749
970
970
970
942
690
517
413
379
404
447
465
458
418
351
282
245
240
255
274
298
429
711
970
970
970
970
970
970
704
504
434
445
468
462
414
349
289
247
230
230
230
224
298
538
897
970
970
970
970
916
683
495
415
417
437
434
398
341
280
247
240
250
254
261
372
660
970
970
970
970
970
970
905
598
436
383
377
375
351
305
257
222
203
203
211
227
349
684
970
970
970
970
970
970
664
456
374
383
409
397
351
297
249
220
209
212
225
235
336
586
935
970
970
970
748
518
372
314
335
383
418
413
377
330
294
278
280
285
299
368
594
899
970
970
970
749
527
377
334
362
482
447
379
316
275
258
255
262
273
320
495
837
969
970
970
970
970
874
606
457
426
447
458
432
384
333
293
272
271
280
328
543
892
970
970
970
970
970
946
681
504
456
464
460
420
361
308
267
242
224
217
321
656
970
970
970
970
970
962
608
379
296
311
348
361
338
287
236
204
194
193
196
228
393
798
970
970
970
970
970
970
794
503
357
325
331
327
302
260
216
178
163
165
167
183
306
635
970
970
970
970
970
809
515
336
295
327
357
348
302
246
196
175
178
191
205
211
261
480
886
969
970
970
970
816
521
335
287
331
384
398
366
310
254
223
210
211
216
215
235
373
706
969
970
970
952
660
437
317
313
379
442
454
418
363
308
276
264
264
271
294
431
735
969
970
970
970
952
652
446
378
458
469
434
373
315
284
280
312
354
397
469
737
970
970
970
970
971
970
971
971
971
971
971
972
972
972
973
973
973
973
973
975
969
969
0
0
0
0
0
0
0
0
0
0
0
0
0
0
0
0
0
975
975
977
977
978
977
978
978
976
974
972
971
970
970
969
0
0
0
0
0
0
0
0
0
0
0
0
0
0
0
0
0
0
0
0
0
0
0
0
0
0
0
0
0
0
0
0
0
0
459
690
442
288
60
90
164
241
292
290
331
544
969
969
969
969
969
969
969
969
969
970
970
970
970
970
969
969
457
0
0
0
0
970
969
970
969
971
970
970
970
969
969
848
567
970
971
971
972
972
971
971
971
971
971
971
971
971
971
971
971
971
971
970
970
0
0
0
0
0
0
0
0
0
0
0
0
0
0
0
0
0
0
0
0
288
466
498
465
483
175
0
0
0
0
75
196
128
0
12
186
353
462
506
464
355
264
233
79
0
0
0
104
215
358
499
559
450
313
320
342
415
502
634
863
601
382
270
241
256
321
400
465
480
465
463
477
492
499
494
482
556
599
474
421
419
434
470
969
969
969
969
969
969
969
969
969
969
969
0
0
0
0
642
969
969
969
969
969
802
501
418
342
0
0
0
0
0
0
0
0
750
969
969
970
970
970
972
972
972
972
972
972
972
971
971
971
971
970
969
969
650
0
0
0
0
0
0
0
0
0
0
0
0
0
0
0
679
969
969
969
969
969
969
810
281
0
0
172
359
449
415
254
84
0
0
0
39
166
270
329
419
423
467
537
659
698
533
440
421
439
469
484
486
487
486
488
488
485
487
524
591
721
760
582
501
487
505
530
546
546
533
515
501
494
489
488
492
540
633
702
715
691
663
647
644
650
671
708
739
725
682
633
596
575
567
564
559
571
662
808
914
925
872
814
774
741
715
687
650
587
493
390
325
308
327
358
383
395
398
465
618
739
792
781
531
405
397
446
496
518
497
450
401
363
341
343
357
370
375
394
512
745
913
932
855
767
706
639
580
535
498
457
421
392
372
362
351
342
338
350
363
365
359
383
522
786
969
969
969
801
697
636
602
585
571
551
525
504
490
473
450
428
415
406
396
386
374
396
563
850
969
969
969
969
710
533
458
458
473
475
458
443
437
431
420
411
401
400
511
793
969
969
969
969
721
528
417
393
411
417
398
375
363
367
382
401
416
420
419
471
737
969
969
969
969
969
969
878
627
490
432
416
396
391
397
403
403
409
404
408
418
429
438
439
433
567
870
969
969
969
929
727
565
445
381
364
363
342
298
265
275
313
345
365
367
367
368
351
366
576
969
969
969
969
969
907
687
499
405
388
400
392
375
363
358
358
358
358
360
360
359
360
355
345
391
656
969
969
969
969
969
922
732
548
437
388
373
375
381
419
566
686
712
754
434
285
341
885
970
970
970
970
970
970
970
970
970
970
970
970
935
316
0
0
0
141
259
244
101
0
0
0
0
179
318
534
933
969
970
970
970
970
852
636
495
451
457
462
459
447
425
388
347
333
333
358
378
404
428
431
515
967
970
970
970
970
970
944
677
486
411
377
352
332
331
367
400
396
384
373
361
368
396
590
969
970
970
970
970
970
970
970
937
663
518
456
421
378
328
274
250
270
303
319
311
314
319
338
440
819
970
970
970
970
970
970
970
849
604
488
455
458
476
497
477
426
352
287
269
269
309
557
959
970
970
970
932
702
517
398
366
384
398
398
378
335
304
273
266
268
290
313
331
326
414
780
970
970
970
970
786
640
519
432
402
410
420
405
369
339
310
290
271
247
215
190
206
231
268
324
584
970
970
970
970
970
970
449
105
25
119
217
277
324
392
468
580
796
970
970
747
520
658
970
970
970
970
794
830
525
330
283
363
441
481
457
386
291
227
209
225
271
402
481
470
610
971
970
970
970
615
412
325
257
275
380
501
602
656
847
578
409
351
343
343
352
370
442
734
970
970
970
970
970
970
970
970
970
879
650
453
296
241
259
350
451
502
489
413
318
242
172
225
534
922
970
970
970
689
475
334
305
331
395
498
600
711
818
961
971
970
971
971
971
971
971
971
971
971
971
971
971
911
510
337
502
751
770
542
617
334
161
196
311
488
808
971
969
748
856
583
386
295
290
358
452
456
409
358
341
335
316
323
518
894
971
971
971
883
683
521
392
330
262
188
137
84
61
91
130
132
103
125
356
757
970
971
971
971
775
581
498
504
536
508
408
304
247
283
360
407
417
456
566
663
971
971
971
971
923
681
531
465
456
544
724
834
971
971
621
339
195
195
258
193
213
308
386
424
483
745
970
971
971
971
971
971
971
972
972
972
972
972
972
972
972
972
971
780
424
166
463
577
784
880
854
862
879
870
780
621
441
667
475
304
236
254
337
437
465
412
374
419
619
713
386
0
0
0
0
0
0
0
0
0
0
0
0
0
0
0
0
0
0
0
0
0
0
0
0
0
0
0
0
0
0
0
0
0
0
0
0
0
0
0
0
0
0
0
0
0
0
0
0
0
0
0
0
0
0
0
0
0
0
0
0
0
107
688
969
969
969
969
846
700
608
577
582
580
562
541
518
497
503
687
969
969
969
969
969
969
756
525
385
350
327
305
370
379
187
0
0
0
324
543
617
607
549
454
350
294
295
318
328
324
316
315
316
324
399
639
961
969
969
969
969
891
692
536
450
417
380
320
253
189
139
130
150
192
321
566
739
745
725
700
478
349
310
326
362
383
381
369
354
344
341
344
349
350
353
353
380
485
603
656
718
732
562
472
452
469
501
516
512
496
474
453
438
428
413
397
383
370
355
352
395
468
516
595
610
452
371
360
385
416
433
436
431
426
424
427
431
432
435
436
459
511
566
660
670
516
440
431
452
478
498
504
495
483
471
466
466
468
463
466
497
540
564
639
643
503
441
442
472
500
517
520
513
501
493
486
493
534
595
720
742
587
521
515
539
566
582
580
568
555
539
527
516
512
546
665
887
968
887
814
794
772
722
676
646
628
610
583
562
535
500
461
440
502
685
882
968
969
945
834
748
676
629
608
591
563
523
489
464
454
449
438
453
605
869
969
969
969
860
712
577
502
465
440
414
387
370
361
356
353
347
335
332
441
688
968
969
852
662
539
476
453
448
438
412
378
349
331
322
314
299
290
297
312
318
319
365
527
832
969
772
615
530
501
504
518
515
490
458
430
413
408
408
405
392
377
369
429
620
876
969
752
546
467
487
546
586
570
511
440
393
373
375
382
395
486
682
932
969
766
560
463
444
470
495
491
460
422
391
377
374
377
383
386
386
426
623
861
969
969
796
603
511
500
527
559
575
576
561
526
484
440
394
358
326
308
341
534
834
968
969
821
607
471
441
458
477
474
447
409
378
372
380
391
398
400
400
437
641
968
969
969
837
638
517
480
487
490
466
423
386
359
347
344
350
358
361
359
418
661
968
969
969
877
681
547
496
498
506
489
453
410
362
342
336
342
353
352
359
541
889
969
969
969
805
641
527
459
435
429
422
408
387
367
355
359
363
363
370
371
369
393
636
969
969
969
969
969
818
611
463
367
307
256
218
198
190
189
202
215
230
234
235
239
245
252
354
681
968
969
969
903
740
610
501
446
435
443
436
415
395
380
376
375
374
370
368
366
364
364
475
823
969
969
969
969
958
770
577
459
416
413
413
408
395
380
369
359
353
355
356
356
352
348
344
346
479
879
969
969
969
969
969
916
658
472
390
379
379
374
361
346
345
352
357
355
350
341
334
333
336
342
348
479
845
969
969
969
969
969
813
609
471
427
421
414
398
376
364
360
363
368
366
356
347
487
937
969
969
969
969
969
898
617
442
387
393
393
374
356
388
645
717
717
407
250
228
299
400
733
969
969
969
969
969
765
522
335
247
246
276
308
325
319
301
284
278
284
292
302
318
333
334
334
465
883
969
969
969
969
969
828
580
439
395
400
407
397
384
374
365
355
334
299
325
618
969
969
969
969
969
893
599
389
312
336
376
381
358
335
323
322
315
312
439
835
969
969
969
969
969
969
679
408
301
283
290
282
274
276
274
286
293
294
285
268
262
466
965
969
969
969
969
970
969
925
544
345
272
266
268
270
273
272
269
263
256
258
264
271
278
281
281
283
353
687
969
969
969
969
969
969
969
645
465
401
387
382
375
369
381
402
410
379
334
421
828
969
969
969
969
969
878
566
359
287
304
319
310
287
271
267
277
290
290
278
331
678
969
969
969
969
969
969
576
322
233
207
182
174
202
263
317
333
308
277
255
250
362
819
969
969
969
969
969
969
969
647
433
339
298
270
261
283
315
336
346
492
870
969
969
969
969
829
536
350
294
320
341
313
282
275
283
295
313
318
308
301
289
295
307
468
947
969
969
969
969
969
970
969
933
545
310
203
190
216
243
268
291
319
323
314
307
270
216
145
161
539
969
969
969
969
969
862
528
294
212
241
290
304
286
266
268
284
303
312
300
292
409
839
969
969
969
969
969
969
969
686
502
423
380
339
309
294
299
309
302
294
422
855
969
969
969
969
970
970
969
573
289
179
170
187
197
197
197
216
245
271
284
284
273
262
319
702
969
969
969
969
969
969
969
649
390
294
264
254
251
255
260
284
311
265
265
547
969
969
969
969
969
969
969
685
381
281
282
293
290
288
294
300
312
323
322
310
306
481
969
969
970
970
970
970
970
969
969
830
506
313
221
209
237
261
283
301
310
302
294
287
288
484
969
969
970
970
970
970
970
970
968
555
313
180
132
137
170
199
224
233
231
225
219
221
230
254
451
903
969
969
970
970
970
970
909
581
401
320
288
274
268
256
259
270
274
294
317
304
270
232
273
586
969
969
970
969
970
969
883
599
425
338
296
280
281
306
357
384
372
340
310
286
267
274
295
335
552
966
969
969
969
969
969
834
567
400
353
336
308
273
251
253
286
318
327
299
249
215
206
212
310
637
969
969
969
969
969
759
592
494
461
432
394
364
353
342
342
349
345
323
304
457
969
969
970
970
969
969
818
575
457
395
332
275
247
238
236
256
304
433
808
969
970
970
969
919
580
398
353
363
363
343
319
306
305
333
364
484
863
969
970
970
970
970
970
753
459
282
169
97
71
83
126
170
201
214
343
744
969
969
970
852
544
389
370
405
422
394
322
282
290
358
448
495
546
856
970
970
970
970
970
970
970
970
970
970
527
448
169
129
224
504
957
970
970
970
970
638
358
245
238
289
334
361
354
337
311
342
610
970
970
970
970
830
542
298
96
6
0
0
0
130
423
747
957
970
970
970
970
802
660
579
427
213
97
87
89
81
70
60
65
102
186
309
357
337
416
735
969
970
969
859
609
375
157
0
0
0
0
0
0
0
0
0
0
149
310
500
870
969
969
969
895
772
602
471
427
429
425
411
461
571
365
277
278
321
362
392
514
839
969
969
969
969
969
969
807
577
462
437
423
391
361
353
352
363
369
367
357
352
363
376
392
395
407
560
949
969
969
969
970
969
969
969
715
457
337
285
266
253
240
216
193
182
175
171
192
234
274
292
322
519
915
969
969
969
969
956
745
515
386
352
361
357
340
321
314
313
307
302
300
294
287
283
292
310
315
320
439
776
969
969
969
969
969
851
631
452
382
369
371
372
369
381
426
453
449
413
367
339
312
269
235
220
215
226
255
396
790
969
969
969
969
969
918
664
461
374
367
385
375
338
314
302
304
309
315
314
310
323
342
347
343
346
347
346
351
480
849
969
969
969
969
969
969
776
527
396
355
351
344
323
310
328
359
335
320
316
320
330
341
346
351
349
352
480
851
969
969
969
969
969
969
730
513
412
390
393
394
387
370
343
324
323
320
334
376
411
406
371
333
305
292
388
784
969
969
969
969
969
969
731
504
397
368
373
360
343
343
347
349
349
349
348
343
340
347
347
345
337
393
713
969
969
969
969
969
969
969
724
508
413
383
357
327
306
302
313
326
337
339
331
323
321
328
335
351
543
969
969
969
969
969
969
745
517
400
381
386
376
339
316
336
366
376
358
334
312
289
276
355
714
969
969
969
969
969
828
587
421
374
387
404
401
380
364
363
364
366
412
710
969
969
969
969
969
752
523
394
374
393
396
372
359
379
392
374
346
311
372
782
969
969
969
969
969
969
841
501
320
291
295
300
296
342
314
285
265
263
275
406
895
969
969
969
970
970
970
970
969
659
432
321
251
219
229
251
283
296
271
231
211
227
258
265
299
623
969
970
970
970
970
970
970
969
726
363
180
138
149
186
236
289
357
380
355
315
293
288
438
930
969
969
970
969
970
873
497
285
235
251
260
246
236
245
286
355
384
357
314
285
289
447
895
969
969
969
969
970
969
840
419
231
206
241
266
283
292
285
271
267
258
251
252
249
244
238
241
329
754
969
969
969
969
969
969
969
711
450
366
356
346
339
335
347
368
377
352
320
296
288
275
256
222
193
360
844
969
969
969
969
969
969
745
488
398
402
406
367
290
223
208
231
270
287
249
190
163
182
210
258
547
969
969
969
969
969
969
904
609
412
356
363
365
351
355
353
311
288
283
272
247
313
674
969
969
969
969
758
581
448
407
428
444
429
389
349
320
303
297
302
298
273
305
600
969
969
969
969
828
623
462
400
399
404
389
364
333
322
334
350
360
413
707
969
969
969
969
969
805
574
422
386
414
436
425
387
353
333
346
585
969
969
969
970
969
969
767
486
359
358
361
330
293
272
269
274
272
374
796
969
970
969
969
970
970
881
489
298
274
307
294
247
222
229
241
250
275
406
813
969
970
969
970
970
970
926
520
264
168
177
199
208
241
322
362
342
298
259
245
244
249
256
265
268
330
771
969
970
970
969
970
970
970
777
461
306
268
264
259
264
283
304
312
311
293
251
204
172
155
256
720
969
969
969
969
969
768
477
316
295
339
398
437
438
401
419
403
373
321
288
277
281
285
287
430
893
969
969
969
969
969
969
660
420
338
334
334
315
307
315
320
322
328
315
294
283
291
306
308
297
356
725
969
969
969
969
969
969
760
485
365
338
330
316
316
332
346
333
316
308
315
316
313
310
302
319
588
969
969
969
969
969
764
538
407
361
342
325
305
301
306
323
342
356
358
335
325
532
967
969
969
969
969
797
564
418
375
382
377
346
314
290
290
301
316
317
299
355
730
969
969
969
969
969
969
969
627
368
301
310
319
311
294
286
300
310
317
309
299
477
969
969
970
969
969
969
969
621
371
286
286
287
277
265
276
301
314
309
296
273
261
249
266
516
970
969
969
969
970
969
970
969
969
658
449
328
289
336
360
321
285
283
248
199
174
218
392
704
969
970
969
970
970
970
970
969
820
488
316
234
206
201
231
265
290
293
289
287
310
617
969
970
970
970
970
970
970
970
593
374
254
186
175
218
262
294
292
263
229
199
296
831
969
970
970
970
970
970
970
551
252
171
165
160
146
143
154
173
185
185
175
184
287
807
969
970
970
970
970
970
970
970
737
388
190
86
52
41
41
58
98
105
121
149
206
264
291
404
839
969
969
969
969
970
969
860
528
338
283
266
264
265
270
284
295
303
303
299
294
286
282
380
824
969
969
970
969
970
969
970
970
913
945
951
837
688
537
318
49
0
0
34
262
838
969
970
970
970
970
970
970
901
615
725
970
970
970
574
499
299
274
129
0
0
0
0
0
0
0
0
186
455
635
752
787
797
294
0
0
0
0
0
0
137
257
309
397
858
969
969
969
969
872
675
449
321
310
355
377
346
300
268
267
288
314
320
317
439
898
969
969
969
969
969
969
759
444
309
276
278
276
271
273
286
304
311
294
270
305
648
969
969
969
969
969
753
496
333
292
313
336
331
314
306
304
306
302
304
310
313
298
320
604
969
969
969
969
969
969
752
496
382
358
357
355
343
340
344
346
350
348
333
329
349
392
702
969
969
970
969
970
969
969
969
877
627
459
366
319
299
299
312
314
312
300
267
242
443
962
969
970
969
970
969
854
518
301
239
249
269
267
257
263
266
280
292
300
287
312
622
969
970
970
970
970
970
969
930
588
371
249
196
182
179
179
202
224
240
241
240
225
196
289
696
969
962
418
244
404
538
588
544
455
363
264
202
196
244
308
357
373
360
342
323
375
713
969
969
969
969
954
718
508
405
394
413
412
385
358
355
371
386
392
380
359
455
827
969
969
969
969
969
753
494
351
346
387
394
365
341
340
351
367
371
356
431
847
969
969
970
969
969
969
828
483
305
272
279
280
281
288
304
308
310
312
311
311
310
503
969
969
969
970
970
969
970
969
672
413
324
296
273
254
245
236
236
240
250
250
246
242
255
273
278
319
628
969
969
969
969
970
969
876
496
286
240
263
283
289
295
309
321
325
323
321
324
349
530
969
969
969
970
969
970
970
970
814
538
419
361
319
296
276
257
253
265
275
271
269
257
259
391
924
969
970
969
970
970
970
969
970
736
491
356
245
173
169
193
337
323
287
272
269
291
321
385
753
969
970
970
970
970
970
969
630
165
6
39
114
165
202
242
278
297
301
295
289
276
279
289
300
317
568
969
969
969
969
970
969
969
969
931
595
410
308
262
271
295
324
336
320
301
284
274
263
243
221
240
574
969
969
969
970
969
969
872
543
370
299
264
245
246
261
298
335
325
238
115
47
50
101
194
576
969
969
969
969
752
487
337
320
364
398
409
392
371
349
348
351
353
349
341
333
364
676
969
969
969
969
969
970
969
882
585
375
267
218
215
237
272
318
350
348
353
600
969
969
969
969
969
969
750
489
380
351
333
306
285
284
318
346
346
390
780
969
970
970
969
970
946
577
352
297
325
338
305
263
242
247
259
264
306
643
969
970
970
970
970
970
804
448
289
247
234
236
249
277
329
359
353
327
285
264
494
969
969
970
970
970
970
970
609
221
109
191
368
484
414
244
96
0
0
0
0
0
5
126
205
242
252
309
725
969
969
969
969
969
969
969
861
513
332
261
241
247
274
308
356
379
373
346
323
309
309
340
628
969
969
969
969
970
969
969
882
559
377
280
241
240
269
292
308
309
298
293
390
805
969
970
969
970
969
970
969
656
415
326
321
343
350
341
318
311
310
304
313
321
326
318
514
969
969
970
970
970
970
970
970
970
970
705
360
184
139
175
231
263
289
294
272
251
251
253
257
453
970
969
970
970
970
970
970
970
970
709
358
155
60
28
42
97
176
258
303
329
332
310
295
360
759
969
970
970
970
970
970
970
970
970
894
357
175
170
269
356
386
361
306
250
202
186
418
970
970
970
970
971
971
971
971
971
970
970
970
970
970
742
168
0
0
0
0
0
0
0
117
970
970
970
970
970
970
970
970
970
970
970
642
399
288
249
236
214
174
115
72
72
101
121
298
959
970
970
970
970
970
970
970
890
532
309
183
136
156
212
313
401
426
392
322
262
208
167
225
679
970
970
970
970
970
970
970
970
488
102
0
0
0
0
0
0
0
0
0
0
0
0
122
672
970
970
970
970
970
970
970
821
546
369
264
232
238
232
201
190
177
205
529
970
970
970
970
970
970
663
451
407
383
307
224
231
353
453
457
415
686
970
970
970
970
970
970
970
970
970
669
348
147
82
152
278
394
437
502
925
970
971
971
971
971
971
971
971
971
970
970
470
94
243
115
67
172
698
971
971
970
971
946
753
600
483
460
451
369
264
181
142
131
139
170
187
148
72
0
0
0
0
438
970
970
970
970
970
828
484
333
283
240
183
149
145
148
157
178
171
119
52
0
0
20
566
970
970
970
970
970
970
970
970
702
250
0
0
0
0
0
0
0
0
0
0
0
0
0
376
970
969
970
970
970
920
455
152
27
24
45
31
3
0
0
0
0
0
0
0
0
561
969
969
969
970
970
970
969
970
969
724
418
227
155
168
220
257
272
262
251
269
581
969
970
970
970
970
970
970
970
844
540
343
292
323
388
430
408
383
724
970
970
970
970
970
970
970
864
461
271
219
278
384
476
469
345
195
98
133
573
970
970
970
970
970
970
970
970
970
970
970
565
234
302
142
126
148
146
191
621
970
970
970
970
970
970
970
635
286
126
79
73
52
25
0
0
0
0
0
0
0
137
837
970
970
970
970
970
764
188
0
0
0
0
0
0
0
0
0
0
0
0
0
0
0
0
0
0
0
0
0
0
0
0
0
0
0
0
0
0
0
0
0
0
0
129
330
478
408
396
648
968
922
559
307
213
231
317
476
700
849
961
968
760
394
180
108
194
582
968
968
969
968
968
442
172
251
467
646
550
413
281
169
254
319
340
391
598
968
969
968
968
564
336
361
537
776
968
969
665
251
40
16
90
186
555
969
969
968
969
969
969
813
588
597
761
945
968
969
576
254
61
18
299
902
969
969
969
969
969
969
969
969
845
782
969
969
746
183
0
0
0
0
0
266
896
969
900
350
0
0
0
302
964
969
969
520
22
0
0
267
970
970
970
970
970
970
970
971
971
971
971
970
970
970
971
971
971
972
971
971
971
970
970
970
970
278
281
657
377
138
0
0
0
0
0
0
0
905
970
891
299
0
0
0
0
307
688
641
366
0
0
0
316
969
969
573
152
0
0
0
0
0
354
558
658
588
173
97
324
543
722
833
658
274
63
54
131
234
337
404
480
526
581
536
292
231
250
421
657
967
969
969
858
486
271
3
27
356
969
969
969
970
970
970
970
970
970
970
970
970
969
969
969
969
969
770
471
437
634
795
507
0
0
0
970
971
971
971
971
971
971
972
973
973
971
971
970
970
970
0
0
0
0
0
0
0
0
0
0
0
0
0
0
0
0
0
0
0
0
0
0
0
28
288
380
260
147
148
210
302
465
616
753
680
52
0
0
0
0
407
559
493
440
428
458
461
434
469
969
970
969
969
969
969
969
969
718
91
0
0
559
969
969
968
969
969
969
969
969
969
969
399
44
0
238
642
939
969
969
567
242
248
508
745
841
969
971
971
971
971
971
971
970
970
970
970
969
286
0
0
0
0
0
0
970
969
969
314
0
0
148
970
970
970
970
970
970
970
970
970
970
970
971
970
970
969
0
0
0
0
0
0
0
0
0
0
0
0
0
0
0
0
0
0
148
593
71
0
0
0
0
0
297
512
666
969
969
969
969
969
969
969
970
969
969
969
59
0
970
970
970
970
969
970
970
970
969
0
0
0
0
0
0
0
113
671
720
631
896
969
587
274
970
971
971
971
971
971
971
970
970
970
970
970
970
970
970
971
971
971
971
971
971
971
971
971
971
970
970
595
0
0
0
971
971
972
972
973
973
973
972
971
972
972
972
972
972
972
972
972
971
971
971
971
971
971
0
0
0
972
972
972
972
972
972
972
971
972
972
972
971
972
973
973
973
973
972
972
972
972
164
0
0
0
0
0
32
0
0
0
0
0
0
0
0
0
0
972
972
973
973
973
973
973
972
971
971
375
0
0
0
0
0
0
0
0
0
0
0
0
0
437
381
0
0
0
0
0
0
0
0
0
0
0
0
0
0
0
0
0
0
0
0
0
0
0
0
0
0
0
0
0
0
0
0
0
0
0
0
0
0
0
0
0
0
0
0
0
455
968
969
969
969
877
709
705
754
914
969
969
970
970
970
970
970
970
970
970
970
969
0
0
0
165
688
834
610
258
175
394
297
45
0
0
0
0
0
230
969
969
969
969
969
969
969
969
750
278
65
50
388
787
767
441
157
86
129
115
41
0
27
116
201
204
219
434
714
777
631
442
325
322
329
272
312
574
907
969
793
219
53
295
594
734
665
486
411
437
409
325
291
342
416
407
288
321
626
953
969
622
390
304
292
307
316
248
167
113
94
75
55
103
247
498
731
965
947
653
412
262
209
227
238
231
218
247
345
561
881
920
776
728
723
759
817
806
697
593
535
507
428
336
274
310
603
968
969
902
732
648
621
654
706
764
780
723
705
590
168
0
0
0
0
464
906
968
969
955
730
535
356
132
0
0
0
118
401
695
968
969
941
876
860
784
685
546
341
149
87
154
300
469
611
883
969
822
605
423
321
302
306
294
273
274
321
396
457
515
595
862
969
803
582
484
509
583
626
611
557
462
343
289
289
318
359
427
583
751
909
938
774
680
588
430
265
207
245
318
346
329
326
404
595
866
968
969
969
789
642
520
444
422
412
393
383
405
480
756
969
969
969
969
969
970
969
969
969
969
969
616
0
0
0
0
0
427
673
771
795
645
740
909
921
800
489
154
0
0
0
381
969
969
969
969
718
275
10
48
295
515
714
742
473
624
969
969
969
652
471
524
427
419
465
515
491
441
384
365
336
297
323
255
252
375
474
483
503
397
364
399
464
355
671
969
969
969
969
969
847
606
462
507
649
745
699
519
484
700
969
969
969
969
970
970
970
969
704
267
0
0
189
966
969
970
970
970
970
704
0
0
0
0
0
0
335
970
970
970
970
970
970
970
970
970
916
534
363
300
419
553
579
723
501
374
265
171
217
501
663
580
458
74
69
413
803
971
970
970
969
431
0
0
0
0
0
0
0
970
969
969
959
137
0
0
0
0
253
628
800
941
756
567
382
250
344
790
969
705
123
0
0
0
0
0
0
786
969
906
520
312
173
55
27
72
180
571
969
970
970
970
970
970
970
970
969
969
704
301
0
28
594
970
970
969
461
68
317
785
945
714
424
651
722
521
386
823
970
970
269
0
0
0
0
0
0
970
970
970
970
970
970
771
0
0
0
160
733
820
843
522
246
21
0
22
105
284
628
939
969
498
250
252
327
388
435
757
969
970
969
717
0
0
0
216
923
969
969
880
467
387
366
299
266
214
113
113
202
219
114
60
100
166
186
251
320
393
439
446
527
830
969
759
550
409
336
347
445
638
789
754
430
145
128
277
403
535
561
404
542
674
601
485
398
398
529
719
808
789
790
969
969
969
969
969
632
0
0
0
210
969
969
969
62
0
0
0
0
176
357
555
797
969
969
969
969
969
969
661
0
0
0
0
365
969
969
969
969
819
419
104
0
0
225
884
969
969
969
773
392
204
151
225
425
738
903
816
442
106
0
0
0
0
443
869
969
901
398
0
0
0
0
195
413
511
565
554
387
305
304
334
404
465
714
590
371
313
336
417
521
571
552
556
587
608
626
637
656
773
969
969
969
759
618
661
766
829
762
704
887
969
969
969
969
969
969
969
969
969
970
970
970
970
970
946
194
0
0
505
971
970
970
970
970
962
273
0
0
0
83
385
546
620
482
170
0
61
303
542
587
456
257
167
149
140
116
171
454
768
953
904
517
259
162
274
617
969
970
970
970
970
970
970
969
757
156
0
116
227
246
221
219
271
354
431
487
586
887
969
969
970
969
840
391
87
33
300
693
882
860
796
736
632
505
507
870
970
970
970
920
398
252
623
970
970
970
970
970
970
970
970
656
259
866
970
971
970
970
970
970
570
0
0
0
304
371
118
0
108
464
895
970
970
790
0
0
0
0
0
179
718
788
534
0
0
0
0
970
970
970
970
970
683
144
57
256
513
969
970
970
970
970
970
970
970
876
645
285
620
970
970
971
970
971
971
971
971
971
971
971
971
971
971
971
971
971
971
971
582
717
972
972
972
972
972
973
973
973
973
973
971
970
0
0
0
0
0
0
0
0
0
0
0
0
0
0
0
0
0
0
0
0
0
0
0
0
0
0
0
0
0
0
0
0
0
0
0
0
0
0
0
0
0
0
0
0
0
0
0
102
442
644
624
557
578
634
725
840
899
835
684
567
586
762
933
969
969
969
969
970
970
970
970
970
971
970
970
969
0
0
0
0
722
969
970
746
268
0
0
0
450
969
970
969
702
442
337
348
351
300
254
511
969
970
970
970
970
954
677
549
457
395
691
971
970
970
970
970
970
715
464
368
655
971
970
971
971
971
971
950
457
181
251
103
559
971
970
971
970
971
805
374
188
127
98
88
332
971
970
971
971
971
971
632
310
124
0
0
0
0
0
0
0
0
0
0
0
0
0
0
0
0
0
0
0
0
202
661
829
847
446
257
209
278
234
111
187
596
970
969
836
433
167
66
88
162
233
254
252
286
587
969
969
969
808
444
221
162
183
210
226
210
176
161
314
731
969
969
969
670
412
315
299
299
289
264
255
276
331
530
815
969
969
586
356
252
238
258
278
274
253
235
225
215
258
479
748
954
902
520
277
209
242
317
371
374
355
337
340
441
664
968
969
816
594
483
455
458
450
421
388
374
388
480
726
969
969
969
769
573
486
508
458
407
370
341
383
627
966
969
969
900
556
353
301
323
343
347
338
328
353
567
901
969
969
907
562
353
262
271
310
326
311
278
279
488
804
969
969
609
344
231
247
303
347
349
330
335
519
895
969
969
969
723
434
308
299
317
326
322
312
423
815
969
969
969
969
827
471
283
223
214
223
237
330
714
969
969
969
970
727
367
199
170
202
235
243
263
508
969
969
969
969
734
394
216
194
229
248
246
258
466
897
969
969
969
576
286
195
219
261
278
272
279
528
969
969
969
969
969
670
345
220
217
242
264
307
634
969
969
969
969
969
468
104
0
0
0
0
68
366
969
969
969
969
969
600
251
99
93
125
154
173
308
807
969
969
969
969
562
207
44
26
100
195
318
614
969
970
970
970
970
970
970
970
970
970
970
970
970
970
970
970
724
0
0
0
0
0
0
0
0
0
0
0
0
0
0
0
0
0
0
0
0
111
969
969
969
969
969
969
969
729
344
151
100
244
752
969
969
969
831
454
256
243
298
321
288
246
298
707
969
969
969
969
613
254
115
112
164
201
191
185
421
950
971
969
969
542
129
4
47
177
240
218
193
309
691
969
969
969
729
378
259
322
426
480
468
454
710
969
969
969
969
969
794
362
159
124
147
181
264
628
969
969
849
450
387
511
676
716
578
469
428
399
970
970
970
970
970
970
970
970
789
15
972
971
971
971
971
971
971
970
916
0
0
0
0
0
972
973
976
976
977
977
977
977
977
976
975
971
968
968
0
0
0
0
0
0
0
0
0
0
0
0
0
0
0
0
0
0
0
0
0
0
0
972
973
975
976
976
974
973
969
968
19
0
0
0
0
0
0
0
0
0
0
0
0
972
970
971
976
977
977
978
978
978
978
978
978
977
976
975
974
974
974
974
974
975
975
975
975
977
977
977
978
977
976
975
975
975
975
976
978
980
979
979
979
979
979
979
979
977
979
980
979
980
979
979
979
979
979
979
979
979
980
979
980
980
980
980
980
980
980
980
980
980
980
980
980
980
980
980
980
980
980
980
980
980
979
980
980
980
979
980
979
979
980
979
980
980
980
980
979
980
980
980
980
979
979
979
980
980
980
979
980
980
980
980
980
980
980
980
980
980
979
979
979
979
979
979
979
979
979
979
979
979
979
979
979
979
979
979
980
979
979
979
980
980
980
980
980
980
980
980
980
979
979
980
979
980
980
980
980
980
980
980
980
979
979
979
979
979
979
979
979
979
979
979
979
979
979
979
979
979
979
158
0
0
0
0
0
0
0
0
0
0
0
0
0
0
887
976
0
0
0
0
0
0
0
0
0
0
0
0
0
0
0
0
0
0
0
426
976
976
975
0
0
0
0
0
978
979
980
980
980
981
981
982
981
981
981
981
980
980
980
980
980
980
980
980
980
980
979
979
979
979
979
979
979
979
978
978
978
477
0
0
0
0
0
0
0
0
0
0
0
0
0
0
0
0
0
0
0
0
0
0
0
0
0
723
977
977
977
975
0
0
0
0
0
0
0
0
0
0
0
0
0
0
0
979
979
978
979
978
978
979
978
978
978
978
977
977
977
978
976
977
900
800
781
835
977
977
977
977
978
978
978
978
978
978
978
978
978
978
978
978
978
977
550
696
978
978
978
978
567
126
59
150
291
462
462
327
243
321
685
860
237
634
715
743
978
684
0
0
0
0
0
0
0
0
0
0
0
0
0
0
0
0
0
0
977
803
977
977
977
977
977
976
0
0
0
0
0
0
0
0
0
0
0
0
0
0
0
0
0
0
0
0
978
977
978
978
979
979
980
980
980
980
980
980
980
980
980
980
980
980
980
980
980
980
980
980
981
980
980
980
981
980
980
979
978
978
978
979
978
978
978
978
979
979
979
979
980
980
979
979
979
979
979
571
342
979
979
980
979
980
979
979
649
434
382
423
443
447
460
469
526
530
532
557
584
557
501
301
315
482
657
725
669
608
607
522
459
484
535
504
544
682
379
703
753
745
697
881
979
889
135
0
0
0
0
0
0
0
0
0
0
0
0
0
0
0
0
0
0
0
0
0
0
0
0
0
0
0
0
0
0
0
0
0
0
0
0
0
0
0
0
0
0
0
0
0
0
0
0
0
0
0
0
403
873
847
975
769
555
509
759
966
915
734
639
596
567
544
485
398
200
0
0
0
0
0
0
837
976
976
976
976
976
976
976
976
976
976
839
797
32
0
0
0
0
0
0
0
0
0
0
0
0
0
0
0
0
0
0
0
519
845
975
975
975
975
952
684
506
454
482
569
663
688
627
564
529
529
561
616
656
638
580
543
521
532
535
566
687
751
730
640
528
483
511
301
708
704
652
614
567
550
577
615
641
660
649
603
566
563
609
650
682
706
681
640
332
663
610
526
515
548
573
578
561
539
517
472
325
42
0
0
157
649
909
689
975
948
724
549
452
445
454
440
406
302
203
148
194
312
446
527
319
695
687
690
810
975
975
915
692
527
474
229
529
350
144
85
104
209
349
456
462
429
445
753
762
975
976
976
976
976
817
605
499
236
646
651
596
549
536
529
531
528
522
517
519
519
520
520
520
523
522
530
536
539
550
556
551
547
538
537
539
541
541
537
529
521
510
504
496
499
525
543
532
509
485
483
507
493
468
464
480
499
517
527
524
524
517
501
479
459
406
274
82
20
92
221
345
446
503
517
515
507
504
511
503
494
491
496
515
568
590
578
564
550
544
550
323
699
615
407
213
67
0
0
99
266
421
532
590
391
750
692
560
460
421
410
212
633
637
577
533
511
478
433
418
448
507
555
375
757
696
605
560
546
539
526
269
611
563
489
457
460
481
499
514
539
562
591
613
638
410
745
619
494
976
975
975
975
975
975
976
976
976
914
586
419
393
410
370
277
230
256
338
426
491
510
504
506
511
512
498
480
472
467
441
391
432
977
976
976
976
976
942
969
936
760
557
452
426
428
431
432
466
541
598
612
375
720
681
613
599
601
612
629
638
633
626
604
572
556
557
567
568
567
583
596
596
567
547
542
553
573
576
562
554
546
535
528
536
551
570
570
569
564
555
546
544
552
559
554
544
533
517
507
504
499
503
522
542
561
582
566
554
552
552
556
551
541
531
523
515
506
505
505
508
509
507
515
530
546
549
558
563
560
552
540
532
526
525
521
515
516
517
521
515
504
503
508
516
535
550
309
673
662
582
526
504
508
515
525
523
284
648
630
557
507
495
498
498
508
527
544
552
550
543
536
533
537
533
539
536
528
529
535
541
541
533
536
534
527
529
535
537
545
547
544
539
531
531
531
528
520
517
513
521
525
524
530
539
553
560
564
557
549
550
559
550
530
517
519
521
524
529
527
525
527
539
556
568
580
586
585
582
572
567
553
547
539
534
532
523
520
521
523
529
545
582
355
735
741
670
602
557
536
286
650
644
570
513
495
492
491
492
483
489
517
548
570
580
582
576
562
547
539
531
525
516
504
489
485
500
527
527
520
525
540
559
571
577
578
574
559
547
538
535
530
534
529
523
518
512
506
514
529
531
527
527
528
540
546
548
549
549
544
543
543
534
524
515
511
512
509
510
513
509
504
505
507
508
516
529
547
561
565
561
562
584
593
345
703
686
602
531
495
488
489
497
499
502
502
505
505
513
522
532
542
546
310
673
650
570
512
501
520
559
569
542
518
504
493
493
503
523
544
554
556
561
563
558
551
547
537
530
522
521
521
514
516
514
506
502
492
502
526
550
560
558
551
555
550
542
539
539
530
525
519
517
511
509
510
510
507
511
530
550
557
559
557
550
544
538
533
532
530
526
522
519
514
518
518
520
516
526
550
566
563
562
551
545
542
543
535
527
522
518
517
517
512
515
528
548
413
802
706
576
509
493
496
511
519
283
651
640
561
504
488
507
541
563
572
574
571
568
555
544
539
534
528
526
522
516
505
504
502
503
502
508
504
502
502
513
531
547
560
564
564
562
555
543
543
539
531
527
525
519
510
505
510
519
534
550
558
560
561
556
546
531
531
528
523
520
522
518
509
505
507
517
539
556
567
572
577
570
559
552
545
530
526
523
519
513
513
508
506
505
503
502
517
535
561
328
699
698
623
556
526
524
529
533
293
646
635
558
506
488
487
491
496
500
505
500
508
527
551
567
563
566
563
554
544
542
532
525
524
521
516
509
507
508
506
501
498
499
505
518
533
555
564
566
567
556
548
537
538
533
523
519
516
516
512
504
499
496
502
503
498
500
516
537
556
559
556
575
578
555
531
527
521
519
518
520
520
520
522
517
506
503
503
506
511
523
544
558
330
702
686
618
572
533
506
247
606
596
530
491
475
483
493
499
502
497
491
488
493
507
520
528
531
533
529
526
525
522
516
514
515
518
520
523
516
510
506
505
504
505
502
512
528
540
548
545
550
547
543
536
536
539
533
528
524
522
512
508
499
493
501
524
536
542
546
550
555
558
558
552
543
539
533
525
521
511
509
511
514
523
542
568
585
588
586
586
579
570
560
553
549
312
676
650
564
507
490
500
505
516
538
329
710
701
631
577
550
541
537
535
533
529
525
515
512
449
383
339
301
273
284
339
399
460
532
568
330
724
717
618
534
491
481
436
319
240
249
251
138
0
0
0
0
0
0
0
0
0
0
0
0
0
0
0
0
0
0
0
0
0
0
284
978
978
979
979
980
980
980
980
980
980
980
980
980
979
980
979
979
980
980
980
979
980
980
980
980
979
978
974
0
0
0
0
0
0
0
0
0
0
0
0
0
0
0
979
979
980
980
979
980
980
980
980
975
972
0
0
0
0
0
0
0
0
0
0
0
0
0
0
0
0
0
0
0
0
0
0
0
0
0
0
0
0
0
0
0
0
0
0
0
0
0
0
977
976
975
974
974
972
0
0
0
0
0
0
0
0
579
974
973
973
858
605
299
0
0
0
0
0
0
0
818
975
975
975
975
975
975
975
975
975
975
975
975
975
975
975
975
975
975
975
975
975
975
975
975
975
974
974
0
0
0
0
0
0
0
0
0
0
0
0
0
0
0
0
262
678
861
741
962
736
534
458
463
498
532
542
531
519
509
501
498
494
484
480
508
564
607
621
619
614
608
601
592
452
755
649
536
487
493
495
502
510
514
504
491
483
481
521
586
620
618
612
619
606
589
587
577
567
549
532
515
499
484
480
476
473
474
487
528
582
617
626
619
615
594
572
561
550
536
523
512
502
490
484
479
475
474
475
496
521
529
535
560
580
585
573
565
565
557
543
535
533
528
513
494
479
452
424
392
397
432
455
468
498
526
559
589
614
614
578
534
509
498
484
461
421
395
402
408
400
395
402
420
430
427
411
400
412
441
467
498
513
508
492
475
467
460
454
452
446
441
445
453
462
461
462
471
478
479
473
464
463
475
481
480
472
465
470
492
480
464
458
464
474
469
480
502
506
502
501
499
498
498
496
505
512
516
511
502
502
499
498
488
483
494
504
511
522
533
542
543
532
526
524
512
495
494
502
514
526
415
717
589
474
453
494
555
495
802
671
578
544
567
612
479
736
581
553
669
722
720
609
951
973
973
973
974
974
882
952
591
701
910
910
829
750
552
849
688
508
250
322
689
973
920
974
974
974
975
975
975
974
975
975
975
975
975
975
975
731
607
576
602
661
673
627
568
543
689
773
567
897
831
729
884
975
975
961
799
662
807
828
412
523
522
766
975
975
486
0
0
0
0
0
0
0
0
0
0
373
626
707
642
522
468
469
496
522
533
562
535
470
394
393
462
520
567
573
541
523
515
494
504
665
794
899
975
975
975
975
975
835
578
420
385
388
410
437
471
521
567
617
605
596
573
527
517
537
562
617
616
376
807
975
975
975
950
880
832
769
761
824
891
892
798
603
454
501
596
660
704
724
699
611
553
559
630
697
669
507
352
365
500
632
666
642
619
604
584
549
507
483
488
562
666
677
613
545
523
527
546
542
548
558
576
555
503
487
470
483
546
597
632
641
648
624
581
532
510
504
523
550
561
567
594
625
599
524
453
432
426
399
379
398
415
454
509
566
599
584
544
498
446
441
450
468
502
519
528
566
381
745
677
572
467
387
361
379
467
666
609
976
958
795
657
595
599
356
710
636
525
505
553
586
570
538
517
515
511
485
487
464
451
468
460
444
475
497
498
490
523
565
579
526
465
412
399
447
508
631
646
571
445
375
402
555
708
841
713
976
976
976
976
976
716
398
22
0
184
454
621
690
724
736
697
614
527
483
477
497
551
593
602
354
716
690
628
577
522
490
463
445
493
550
569
521
255
10
0
25
0
0
0
323
649
745
674
548
503
445
427
430
452
477
526
605
669
669
619
555
512
551
715
975
855
976
810
544
491
546
576
582
586
582
549
501
438
405
440
492
521
519
517
507
488
479
462
444
424
416
439
477
516
310
685
627
515
436
409
417
432
456
494
531
548
542
534
528
538
551
543
510
564
500
976
918
717
544
0
0
0
0
0
0
0
0
103
615
242
465
807
909
631
224
94
161
322
377
193
5
41
273
879
0
145
0
0
754
975
975
976
975
975
975
479
276
282
365
766
934
975
825
513
423
503
576
648
457
778
657
564
570
579
578
365
726
671
536
303
0
0
0
151
445
572
620
676
527
975
975
975
975
975
975
757
381
718
684
608
552
531
529
528
517
524
573
676
760
824
822
750
666
626
741
976
976
976
976
976
976
976
976
976
976
888
722
650
647
658
659
655
622
589
582
598
660
745
764
694
614
567
570
632
676
679
658
636
671
693
662
609
557
525
510
511
519
516
503
522
557
602
618
608
578
550
534
522
514
507
491
444
398
366
336
350
418
494
545
564
563
541
535
552
565
542
519
231
616
627
569
539
512
482
473
462
431
403
384
353
344
358
382
357
266
148
18
0
0
0
0
0
0
0
0
0
0
0
0
0
0
0
0
0
0
0
27
692
568
785
599
127
0
0
0
0
0
0
71
336
601
875
929
905
796
686
553
475
487
523
539
163
0
0
144
894
867
974
767
506
379
360
373
381
399
412
456
476
480
486
488
491
510
366
733
661
581
560
539
555
561
528
502
517
393
803
729
567
434
620
820
624
865
690
538
531
642
738
560
880
752
663
629
590
548
512
486
473
474
481
500
516
511
501
535
608
562
332
89
0
0
146
314
465
572
616
615
588
551
542
616
726
561
850
696
538
492
519
570
585
560
526
502
501
504
503
475
426
409
445
496
545
405
750
631
488
476
533
613
642
651
679
711
691
617
361
694
627
542
506
499
504
509
535
570
586
587
581
571
572
570
550
536
524
519
536
579
611
618
600
581
575
567
542
533
537
539
546
566
565
550
536
511
524
530
523
517
515
518
538
564
596
611
628
634
618
582
544
519
506
507
521
538
546
542
544
562
595
601
570
526
491
490
512
555
627
739
832
881
834
726
620
557
569
607
601
565
520
505
588
667
703
463
787
685
558
496
503
551
591
388
757
690
582
523
503
498
494
484
482
481
475
465
475
501
523
519
498
462
420
383
383
425
472
519
537
535
523
509
503
498
514
516
532
565
596
588
566
558
547
528
497
481
511
601
674
492
844
743
567
445
350
190
0
528
976
976
976
976
976
976
976
976
976
976
976
835
551
345
186
349
838
976
976
975
976
913
652
537
551
682
811
781
240
0
0
0
412
976
977
976
976
471
19
118
486
730
730
529
289
82
297
808
976
976
976
976
976
496
258
215
328
562
617
976
976
709
0
0
0
0
753
976
976
976
976
976
976
939
687
472
108
462
484
482
538
610
561
176
455
432
422
470
527
566
298
676
677
605
437
274
152
139
312
474
586
379
684
703
815
831
769
790
493
794
633
291
127
338
634
537
868
649
453
385
372
369
422
257
714
713
641
595
504
384
318
360
323
478
773
661
976
919
777
312
145
318
581
713
428
715
519
239
116
254
564
545
976
976
854
587
392
363
454
295
747
816
828
627
384
244
433
682
509
814
694
552
470
461
476
491
507
527
293
695
570
583
977
977
976
977
976
976
977
754
560
496
540
608
632
810
585
698
0
0
0
0
0
0
0
0
0
0
448
738
492
686
511
535
478
420
370
355
275
237
296
405
271
715
711
657
603
529
459
448
268
689
675
586
520
489
489
491
495
518
551
328
732
714
614
531
489
480
485
501
526
548
557
560
559
547
529
502
465
455
487
530
534
521
521
524
533
522
506
499
508
530
554
557
546
521
498
492
492
493
486
478
476
505
543
564
562
551
537
528
524
513
505
510
537
558
558
551
538
523
507
474
443
441
492
570
636
423
785
732
620
539
502
501
508
534
571
596
590
570
554
537
520
512
513
509
521
559
582
587
574
553
534
512
502
498
498
516
544
575
582
565
538
514
498
493
489
491
496
524
556
571
562
308
676
634
544
486
475
487
514
553
571
560
541
522
512
509
509
507
500
522
555
576
573
555
536
527
524
521
510
503
513
552
587
597
587
568
549
537
525
517
513
516
547
581
598
586
562
541
519
521
521
503
490
518
559
575
562
543
521
505
502
495
486
478
494
535
563
576
565
541
525
514
512
505
502
501
521
566
588
583
564
541
523
511
503
498
489
492
529
573
589
578
557
537
526
519
516
503
494
506
543
568
574
564
551
537
522
513
506
500
495
506
545
581
593
586
559
536
525
517
507
498
496
512
556
365
751
693
576
508
490
490
497
495
487
493
532
572
594
599
352
718
675
580
519
492
484
483
514
571
612
618
594
560
534
514
511
503
496
488
479
486
534
586
604
585
557
535
522
515
505
494
488
484
482
507
561
590
589
567
539
523
519
514
506
494
488
487
507
550
594
602
581
553
538
525
517
511
502
494
487
497
548
594
608
592
566
544
533
521
511
500
496
488
495
539
590
607
590
561
559
537
518
498
490
487
485
494
526
570
356
731
683
582
513
479
465
468
476
475
480
505
550
347
732
687
582
514
490
481
469
457
461
488
532
575
612
393
779
714
588
496
461
466
493
514
530
534
554
579
363
661
141
0
0
0
0
0
0
0
134
500
755
643
940
760
562
465
450
476
493
297
742
692
359
129
127
277
431
536
558
560
562
550
540
538
581
658
683
433
765
670
582
571
591
589
572
557
601
600
976
975
790
616
498
473
575
715
773
816
867
845
761
654
549
469
449
540
616
644
632
636
630
690
477
810
710
568
495
477
483
486
494
529
542
535
536
556
567
568
334
714
680
578
526
511
508
512
512
513
516
533
561
572
567
546
512
487
474
491
523
532
526
500
447
358
268
262
340
473
579
595
565
527
503
496
501
498
493
488
491
503
514
510
518
541
557
561
556
548
525
508
500
500
504
502
520
555
580
583
570
548
534
531
527
518
510
508
517
520
529
552
570
580
572
557
534
527
523
512
488
466
435
418
454
521
426
0
0
0
0
58
0
0
0
0
0
976
975
975
976
976
976
976
976
976
976
976
976
976
976
976
976
976
976
976
954
553
449
264
728
755
689
671
713
871
976
976
976
977
978
710
890
734
587
520
509
493
505
537
537
530
524
500
459
443
441
459
496
470
297
0
0
99
615
978
764
976
895
698
552
501
537
522
452
379
131
56
183
377
523
298
674
646
548
488
409
289
206
226
297
311
286
272
298
400
459
16
0
0
0
176
601
617
959
791
591
490
474
472
421
322
340
431
542
633
383
700
650
515
412
397
397
443
528
567
561
548
552
556
562
558
544
546
547
519
474
436
408
241
129
363
591
694
476
801
685
565
545
547
536
574
621
616
581
439
105
0
0
0
0
0
0
0
0
0
0
501
574
900
726
511
397
399
465
520
515
519
561
635
689
662
623
370
749
709
634
581
559
539
519
512
514
505
501
511
525
505
459
447
482
539
566
589
376
735
658
548
506
499
459
405
368
444
760
975
975
939
975
975
736
520
486
514
505
455
455
567
720
732
657
574
549
582
579
523
541
549
628
665
655
686
728
660
566
500
418
297
290
348
365
322
190
206
299
405
477
515
269
129
272
507
441
131
0
0
229
449
574
630
631
601
507
372
195
0
0
0
0
0
59
482
855
703
964
776
548
411
308
231
250
271
309
384
447
474
513
555
586
578
553
486
447
435
449
468
499
532
570
589
531
444
371
312
226
0
0
0
0
0
169
449
563
342
609
480
391
349
366
410
417
392
388
441
544
593
583
511
432
423
471
533
514
463
430
469
480
501
527
471
976
974
974
974
974
902
382
186
178
311
461
542
601
528
279
161
255
345
444
497
487
475
492
555
645
591
401
299
275
298
357
445
511
549
613
568
695
659
550
497
463
432
416
450
469
506
577
640
658
598
519
424
325
297
351
405
474
518
634
736
544
737
515
394
422
493
535
588
641
597
505
436
407
417
458
505
530
543
583
589
510
443
438
451
489
660
974
974
623
468
520
650
690
569
368
0
0
0
0
219
366
448
546
416
714
588
514
524
495
342
294
417
552
624
645
629
539
460
394
379
415
465
513
595
694
707
638
486
368
318
343
837
975
976
975
976
976
976
975
975
975
975
975
975
975
975
975
975
975
975
975
975
975
975
909
715
576
448
400
502
608
657
505
891
741
509
327
114
40
170
242
278
326
346
504
695
705
613
544
503
450
374
314
341
370
397
450
518
440
845
718
492
320
308
357
419
488
542
592
558
484
472
510
528
487
425
339
399
336
249
290
383
515
610
449
749
586
419
372
444
482
456
441
478
502
494
470
489
512
487
471
510
536
292
635
975
0
0
852
975
975
975
975
975
974
369
427
311
320
435
539
569
552
505
495
521
535
514
490
482
465
497
529
531
514
452
489
544
581
640
672
604
517
473
590
646
671
711
715
691
563
391
296
346
462
610
715
688
633
739
832
497
632
517
513
538
535
538
556
569
624
672
670
598
503
431
407
449
504
495
464
462
491
555
638
691
704
642
560
287
575
471
391
415
498
602
631
602
572
546
482
376
265
168
225
422
652
605
974
860
694
545
137
0
0
384
769
975
803
970
534
227
178
305
454
590
690
744
471
588
357
336
540
690
730
503
759
510
341
387
511
580
587
557
516
470
440
435
445
485
553
595
594
568
531
506
480
457
444
443
444
480
550
620
641
625
587
538
491
455
429
419
444
509
574
615
621
625
750
744
975
975
763
579
477
471
508
541
538
515
504
495
493
493
489
490
510
559
596
598
582
561
545
530
517
499
484
477
495
546
421
792
698
565
502
476
471
493
513
526
548
573
563
568
603
621
610
575
540
517
438
478
641
747
575
902
782
673
631
624
618
603
560
511
548
624
664
567
412
364
331
281
338
452
532
557
609
537
975
975
975
937
726
555
0
0
0
0
0
0
0
0
0
0
975
975
975
798
0
0
0
0
975
975
975
974
379
0
0
0
0
887
974
532
322
0
310
974
974
566
286
369
560
682
749
767
739
698
660
574
389
345
370
441
532
623
678
708
732
750
718
634
550
504
487
472
444
429
447
506
566
599
653
750
843
842
560
788
619
488
463
499
552
594
602
582
557
537
528
513
495
487
482
523
638
804
894
975
975
975
975
826
624
116
0
0
144
533
975
975
975
975
869
578
482
638
726
717
646
584
647
842
688
913
535
81
0
0
0
259
440
538
732
976
975
975
976
975
975
942
0
0
0
0
444
757
741
237
0
384
976
976
976
976
976
976
976
976
976
976
975
653
252
607
604
568
577
606
603
561
516
520
546
552
525
494
483
494
524
562
615
699
566
976
976
832
713
655
686
734
715
649
582
550
538
515
496
511
532
541
536
499
392
55
0
0
0
0
0
0
0
0
0
34
487
677
477
789
680
529
418
412
494
580
588
525
454
532
631
572
514
534
639
729
677
578
295
627
563
478
446
451
473
472
451
436
425
377
330
377
456
513
549
549
479
356
268
244
332
470
562
575
540
523
530
518
459
339
271
306
360
382
413
223
330
491
779
975
976
975
975
975
975
791
498
394
415
469
495
513
523
527
523
520
432
184
52
0
0
0
0
45
125
154
238
337
404
408
365
295
266
326
406
427
369
283
248
118
0
0
0
0
0
390
974
974
974
975
974
974
974
858
159
0
126
357
537
597
578
563
542
523
577
975
975
975
975
975
975
975
975
975
975
975
975
975
936
604
460
444
482
521
532
509
434
347
405
496
581
627
614
571
552
538
537
534
531
526
510
506
529
584
629
639
628
604
576
556
537
519
499
489
486
511
567
601
605
585
553
531
514
492
472
460
465
476
490
523
604
640
624
587
559
547
526
510
499
492
485
482
520
565
592
592
567
548
534
520
502
490
502
509
504
508
515
517
511
503
492
488
492
494
481
461
457
464
496
532
560
574
546
487
454
447
442
449
464
470
482
516
565
584
574
370
720
637
515
484
384
273
98
0
42
240
448
572
426
773
653
513
441
433
452
473
495
351
725
654
541
485
474
484
498
509
515
516
506
498
510
524
532
533
536
531
517
500
479
472
478
486
486
481
494
516
528
539
538
522
499
474
459
457
456
456
458
468
488
504
505
506
500
495
495
490
488
486
487
486
480
479
488
499
505
508
506
503
504
504
496
497
490
488
486
490
501
512
508
494
491
496
498
497
491
490
493
496
495
493
497
516
536
548
551
549
545
541
541
541
541
549
394
742
652
546
525
549
583
434
788
683
567
518
515
527
538
544
540
528
525
534
557
578
576
566
555
549
544
543
539
540
542
532
524
519
535
563
586
591
584
572
562
553
548
536
531
523
522
516
515
537
565
578
582
578
567
553
542
560
556
526
512
510
508
514
535
565
581
574
563
554
548
538
528
521
518
514
508
503
501
507
529
551
565
563
552
538
528
521
521
513
504
497
495
492
488
482
495
528
398
765
665
537
486
492
520
541
545
342
593
450
366
371
424
537
614
611
569
520
482
485
657
651
975
866
632
489
445
458
489
529
429
885
869
793
721
646
586
546
538
548
557
565
568
574
586
591
578
545
517
516
537
567
576
580
581
583
582
581
572
562
549
536
527
520
513
510
509
512
527
551
566
579
576
564
553
547
540
539
535
526
521
520
515
511
510
509
517
544
572
584
579
576
582
598
612
582
517
453
421
426
451
481
518
547
563
570
567
559
559
553
544
540
534
525
516
510
509
523
551
399
767
690
590
533
519
524
538
380
723
591
489
458
467
506
556
590
606
603
590
572
564
555
546
542
540
535
531
533
537
507
387
271
446
595
656
440
759
662
571
476
351
363
449
505
503
487
460
445
452
476
523
575
614
453
787
694
561
486
447
414
412
435
456
480
489
495
517
542
554
560
556
546
533
525
526
528
531
543
592
573
493
399
367
369
376
407
441
476
512
580
618
623
563
944
806
619
503
471
477
493
511
535
553
557
560
539
511
488
480
480
486
500
519
515
507
502
497
495
495
497
511
522
526
527
529
528
525
516
496
414
294
232
191
224
273
336
385
416
431
427
420
396
437
520
569
427
766
655
534
495
511
539
562
570
569
555
536
533
521
513
506
512
524
527
534
545
560
573
575
570
558
545
539
543
546
540
534
532
531
562
413
745
641
522
467
477
512
545
552
544
528
520
523
542
570
592
598
600
595
590
585
578
564
548
536
524
517
512
504
503
527
557
577
584
580
573
567
562
554
538
518
510
514
519
530
547
559
566
564
554
551
556
553
547
537
529
515
497
459
471
529
555
556
544
491
440
445
473
475
436
392
337
367
442
523
511
399
390
526
597
554
486
365
344
507
470
471
641
764
715
594
455
409
431
440
470
497
491
447
436
443
475
523
587
614
606
579
560
549
544
554
571
583
589
580
569
564
567
582
591
592
573
551
535
523
527
537
544
575
488
893
819
699
611
585
593
610
631
626
601
576
564
572
581
566
377
706
626
539
519
544
572
597
608
609
608
600
583
571
560
552
544
543
546
557
581
609
622
635
644
640
630
599
568
547
539
530
522
518
528
562
599
621
622
615
598
573
550
534
530
532
537
532
519
509
500
486
502
547
600
627
624
597
562
545
547
559
566
554
534
510
495
511
505
497
485
477
473
475
486
489
476
460
436
416
416
427
442
438
417
412
424
484
589
643
647
648
638
599
584
584
561
509
473
485
508
531
374
728
595
426
351
193
118
233
399
551
411
708
593
478
402
400
436
304
682
600
507
490
515
556
404
739
626
521
482
486
499
506
506
502
491
491
509
526
541
560
573
408
731
609
492
461
485
520
541
538
531
526
514
502
499
517
543
553
544
528
521
524
528
529
534
525
518
511
505
503
499
493
491
504
532
553
556
546
537
534
530
530
529
522
513
501
500
494
487
487
502
514
520
553
549
526
510
513
510
503
497
490
488
492
501
513
510
507
501
497
495
493
485
427
404
442
483
513
536
545
545
533
509
512
577
642
656
605
178
405
324
230
262
425
570
622
462
793
808
971
974
974
942
576
887
751
594
515
513
538
573
586
585
577
573
566
562
551
548
549
550
544
545
561
609
611
562
519
518
545
569
574
569
566
563
559
555
546
545
545
543
537
535
544
569
587
600
609
610
598
583
574
564
553
552
546
542
532
525
516
515
509
509
524
548
566
582
594
595
582
569
555
546
529
526
520
520
508
496
481
465
462
461
461
465
482
517
550
566
576
574
565
547
537
533
528
355
704
616
512
465
466
479
482
485
507
538
394
766
687
581
516
456
371
203
0
0
0
0
0
0
848
974
975
975
975
975
975
790
560
477
318
713
660
565
514
507
525
362
710
611
503
458
455
473
491
497
512
534
551
561
569
558
549
539
529
523
514
510
504
501
501
500
494
497
498
496
503
523
534
544
549
552
547
538
529
523
516
511
512
508
500
498
499
493
488
488
487
500
520
538
547
548
543
537
530
527
528
530
518
509
510
507
502
502
498
501
519
537
550
560
570
567
557
553
544
536
530
521
519
514
514
516
511
504
502
505
519
543
556
396
740
654
546
500
502
518
524
535
362
698
601
503
466
466
479
504
538
558
566
571
568
567
560
555
554
549
543
539
532
528
527
521
512
514
530
549
568
586
598
604
601
596
588
577
561
552
541
536
537
533
521
512
506
512
541
581
610
623
612
418
754
658
553
530
544
536
527
522
519
515
508
498
493
509
527
529
525
534
550
550
551
550
545
524
522
558
586
567
352
686
593
493
462
484
540
624
654
639
594
546
520
514
517
513
507
505
497
493
485
478
476
469
477
522
598
721
670
975
962
737
538
413
381
399
426
458
498
507
494
475
461
462
495
543
575
380
717
657
580
547
546
555
557
550
541
535
528
517
509
499
490
491
526
583
610
606
596
579
571
568
566
545
528
516
505
505
512
506
499
489
484
495
530
563
599
624
630
618
596
576
567
563
553
534
519
504
496
480
468
459
468
499
539
570
579
574
564
553
542
529
523
513
505
496
491
486
484
479
473
467
461
467
497
526
547
553
550
544
543
534
526
519
511
507
503
510
506
503
501
494
489
500
515
531
570
396
724
628
518
470
467
482
484
485
492
495
492
316
660
573
475
445
467
502
522
534
534
528
527
518
514
510
513
511
506
501
502
500
497
501
512
518
528
531
523
507
492
481
489
502
517
523
521
524
523
532
546
568
590
447
828
756
649
597
591
598
600
598
586
575
567
553
541
531
526
527
521
515
526
559
584
604
605
603
603
423
775
687
580
520
497
473
453
463
484
491
486
487
502
545
589
615
628
618
596
573
543
525
518
520
523
516
492
472
474
485
486
484
476
480
509
545
563
570
566
562
551
535
528
529
528
507
477
430
362
326
368
448
494
514
516
517
521
520
514
508
506
502
497
502
502
500
490
470
454
476
516
553
583
591
568
537
522
522
526
523
514
503
497
494
491
485
478
493
528
584
588
576
567
560
548
543
538
525
497
482
494
513
522
371
743
676
586
556
580
602
599
417
737
622
496
443
451
478
484
483
471
466
479
513
538
554
561
559
556
552
543
535
524
518
517
512
504
511
527
540
520
491
462
445
441
443
441
445
446
457
463
467
482
506
523
537
544
543
533
526
520
514
514
514
510
503
503
501
516
553
584
592
605
615
610
592
572
548
525
514
507
500
497
494
503
542
599
626
629
617
607
590
570
551
533
517
510
508
494
479
470
460
457
471
497
526
545
552
550
550
548
542
535
526
524
512
499
486
477
477
483
486
501
526
547
562
393
734
637
536
496
491
500
520
587
658
644
587
530
490
485
500
516
517
514
513
518
525
525
521
344
679
574
469
436
442
468
502
537
557
574
561
543
528
522
522
519
512
508
505
500
491
487
502
539
554
550
545
534
534
529
526
521
513
508
506
509
509
504
499
509
535
560
569
556
541
532
534
537
534
525
520
514
506
501
494
512
583
662
548
895
776
649
576
554
565
576
574
560
546
533
526
535
556
567
577
579
575
570
569
561
551
542
541
536
532
529
540
559
571
585
588
578
567
559
553
550
545
533
526
521
527
540
558
573
397
752
663
556
507
504
517
535
544
539
540
541
561
592
623
642
645
637
628
615
604
585
577
563
551
548
548
566
601
632
645
645
633
613
596
583
570
557
544
529
523
513
516
546
580
596
605
602
592
573
555
542
532
525
521
514
504
491
487
480
477
470
466
468
497
544
584
600
602
588
566
547
528
508
491
496
521
519
497
478
474
476
499
542
575
595
603
609
604
583
558
541
527
527
521
501
478
454
444
