411
559
549
523
499
487
476
469
462
462
467
487
516
533
533
527
534
533
528
524
530
542
556
379
715
639
523
455
444
475
514
550
381
717
638
528
468
454
466
481
499
521
544
568
389
743
695
609
569
568
578
588
402
738
674
577
519
502
508
514
519
512
497
488
481
498
528
561
580
592
588
579
567
555
546
536
525
511
505
499
496
489
482
480
477
486
496
508
513
516
505
492
477
467
466
469
472
471
475
475
463
449
431
425
427
436
452
463
466
466
462
462
462
468
473
476
471
468
466
468
475
484
490
488
481
476
477
475
476
474
466
469
474
484
486
491
499
506
501
494
486
486
491
490
490
487
534
552
533
519
512
518
526
534
536
537
534
535
533
532
364
701
631
533
484
478
497
525
371
728
663
559
501
488
495
512
521
532
528
528
529
530
535
531
534
545
568
592
421
771
701
599
547
541
555
564
564
561
553
543
538
536
550
567
588
595
411
735
646
537
485
474
489
501
514
518
526
528
534
553
574
591
593
589
579
574
569
567
563
554
550
543
537
529
527
528
541
547
553
554
549
543
534
529
523
518
514
513
510
512
512
508
512
525
552
574
585
580
574
563
557
556
553
547
531
520
512
509
489
488
505
528
534
528
523
549
617
718
610
970
836
623
477
419
425
466
509
548
568
577
573
561
549
543
542
534
527
519
512
504
503
504
519
538
548
556
558
561
559
538
523
520
513
508
497
483
476
520
551
557
565
563
556
546
547
549
553
550
557
566
551
532
513
506
507
519
520
508
485
471
464
467
473
480
488
491
493
489
479
467
465
466
483
511
535
555
558
556
549
