979
979
979
979
979
979
978
979
979
980
981
981
981
981
980
981
980
980
980
981
980
981
981
981
981
980
980
980
979
979
978
978
978
978
978
978
977
674
0
0
0
0
0
0
0
0
0
0
0
0
0
0
0
0
0
0
0
0
0
0
661
977
977
977
978
978
978
978
978
978
978
978
978
978
978
977
977
977
977
0
0
0
0
0
0
0
0
0
0
0
0
0
0
0
0
0
0
0
0
0
0
0
0
0
0
0
0
0
0
0
0
0
0
0
0
0
0
0
0
0
0
0
0
0
0
0
0
0
0
0
0
0
0
0
0
0
0
0
0
0
0
0
0
0
0
0
0
975
973
972
0
0
0
0
0
0
0
0
0
0
0
0
0
0
0
0
0
0
519
973
972
737
439
429
529
506
486
557
494
215
0
0
0
0
0
0
0
38
380
485
972
972
973
973
972
972
973
973
973
973
974
974
974
974
974
974
973
973
972
0
0
0
0
0
0
0
0
0
0
0
0
0
0
0
0
0
0
0
0
972
118
0
0
0
0
0
0
0
0
0
0
0
0
0
0
0
0
0
0
0
0
0
0
0
0
0
0
0
0
0
0
0
0
0
0
0
0
0
0
0
0
0
0
0
0
0
0
0
0
0
0
0
0
971
970
970
969
0
0
0
0
0
0
0
0
972
973
973
974
974
974
974
974
975
974
974
974
974
974
974
973
973
973
972
972
971
971
971
971
971
970
0
0
0
0
0
0
0
0
0
0
0
0
0
88
224
235
123
0
0
0
0
0
0
0
0
0
0
459
911
887
970
970
970
970
970
970
617
322
227
304
430
532
557
523
480
457
461
470
466
424
336
244
196
266
380
484
541
252
553
600
551
480
448
448
468
489
521
513
494
495
527
592
349
726
825
790
694
586
486
383
242
57
0
0
0
0
0
0
111
333
499
568
327
634
744
820
886
917
856
703
510
369
321
338
380
426
194
569
720
797
801
744
646
551
509
525
578
633
375
693
735
681
600
532
505
513
543
557
556
562
579
598
606
596
488
192
0
0
0
0
0
0
0
0
0
0
0
0
0
0
970
971
972
973
973
973
973
973
973
972
972
971
970
969
969
604
0
173
0
0
0
594
970
971
971
971
971
971
971
971
971
971
972
973
978
977
970
970
970
969
0
0
0
0
0
971
970
971
970
970
970
970
0
0
0
0
0
0
