975
975
974
973
0
0
0
0
596
975
973
0
0
0
0
0
0
0
0
0
0
0
0
0
0
0
0
0
0
0
0
0
0
0
0
0
0
0
0
0
0
0
0
0
0
0
0
0
0
0
0
0
0
0
0
0
0
0
0
0
0
0
0
0
0
0
0
0
0
0
0
0
0
0
0
0
0
0
0
0
0
0
362
563
602
555
498
458
425
417
399
357
219
101
139
250
334
368
366
356
352
360
369
378
382
375
355
317
282
261
262
287
318
320
289
250
240
280
310
229
112
72
172
354
538
654
729
668
509
376
320
342
388
430
454
457
449
441
438
436
437
443
457
472
486
497
487
499
504
502
500
499
497
501
504
510
519
526
524
515
503
495
496
500
504
505
504
496
495
513
534
505
397
277
221
252
366
471
492
496
477
458
451
454
455
434
398
374
393
458
555
619
628
644
728
937
969
969
969
969
969
727
111
0
0
353
936
969
828
420
113
39
176
430
682
799
860
849
691
403
112
0
33
301
502
556
373
243
292
412
488
499
487
473
467
480
508
533
551
559
571
594
651
682
733
874
886
822
969
970
970
971
974
973
973
973
973
973
973
973
978
975
974
974
974
974
975
977
977
975
975
975
974
974
973
974
975
975
974
974
973
972
972
969
0
0
0
0
0
0
0
0
0
0
0
0
0
0
0
0
0
0
0
0
0
0
0
0
0
0
0
0
0
613
976
977
977
977
977
977
976
974
973
971
973
976
977
976
976
976
977
978
978
976
976
975
975
975
977
978
978
978
978
978
978
976
975
975
977
977
974
976
977
978
978
973
974
973
978
978
979
978
976
975
975
977
978
978
977
977
978
978
978
978
978
978
978
978
978
978
978
979
979
979
979
979
979
979
979
978
978
976
972
973
0
0
0
0
0
0
0
976
977
976
976
976
976
976
976
977
978
978
978
976
975
974
974
0
952
976
977
980
980
980
980
980
980
980
980
980
979
978
980
980
980
980
980
980
980
980
980
980
980
980
980
980
980
980
980
980
980
979
976
974
0
0
0
0
0
0
0
0
0
0
0
0
0
0
0
0
0
0
977
976
973
0
0
0
0
0
0
0
0
0
0
0
0
0
0
0
0
0
0
0
0
0
0
0
0
0
0
487
604
488
408
436
468
470
506
539
584
533
279
85
6
115
277
478
637
645
475
286
351
453
354
305
343
349
974
974
974
974
974
974
974
973
562
482
343
101
118
276
421
506
551
554
544
547
544
547
549
546
585
635
672
659
654
757
722
514
352
337
408
461
343
163
213
432
605
511
387
374
369
256
556
735
716
706
799
792
618
583
603
594
555
497
452
449
475
493
505
510
523
527
533
534
528
528
528
522
504
514
545
576
599
576
530
492
496
517
524
520
516
515
511
506
501
507
517
514
516
524
525
520
511
512
519
538
559
571
563
558
540
508
476
461
464
488
520
537
532
521
517
534
578
610
639
639
599
533
479
456
457
478
505
524
536
526
510
500
520
563
589
580
565
531
516
526
538
547
552
557
553
555
552
562
574
628
686
696
668
613
560
538
537
542
532
528
534
537
531
526
538
582
621
634
633
600
586
616
640
630
597
556
529
507
497
522
556
566
550
528
498
480
491
516
528
532
533
519
496
515
561
615
674
741
760
742
708
670
635
608
591
570
551
549
538
512
496
496
494
480
462
441
418
407
408
414
423
457
523
576
591
584
564
525
485
463
452
450
442
437
438
445
442
441
447
487
548
575
568
535
504
481
474
473
466
458
460
466
466
460
454
453
471
529
574
581
560
536
515
502
496
496
504
515
523
517
494
467
455
459
467
486
529
561
557
537
508
478
456
438
445
475
498
507
494
477
468
466
474
503
560
577
541
480
447
466
481
486
492
494
481
462
451
457
485
539
627
717
736
666
526
439
453
491
566
596
564
492
436
405
416
467
522
543
586
587
479
333
225
283
414
565
684
754
846
895
845
662
506
458
523
582
562
469
337
279
289
352
432
526
679
777
746
620
494
511
596
677
711
694
490
286
211
263
338
391
498
670
700
556
393
328
334
388
502
549
480
367
341
383
474
582
581
447
306
345
454
556
590
535
482
352
314
385
477
486
422
397
365
326
405
675
812
746
550
430
381
481
690
856
777
698
691
665
588
509
461
511
598
641
622
569
506
482
585
755
849
865
696
377
167
164
289
421
526
575
560
521
460
466
539
575
568
528
456
384
350
367
411
523
640
673
610
568
440
254
240
324
449
558
667
751
708
544
382
311
341
447
536
499
434
450
558
648
771
895
956
900
747
588
537
549
579
652
697
648
532
489
443
395
458
585
679
703
692
641
521
391
343
391
467
520
546
536
439
316
290
385
532
636
637
550
454
366
310
322
387
481
579
572
575
607
642
592
497
378
239
207
245
328
417
558
683
709
641
587
502
414
399
496
593
596
589
542
504
488
482
497
521
457
233
79
246
557
730
815
754
613
429
296
281
375
508
563
644
708
648
491
402
399
413
427
472
499
442
404
417
490
596
661
614
415
386
507
576
548
498
530
575
532
459
419
400
442
566
630
610
517
460
420
446
583
710
707
639
572
520
502
477
497
627
680
575
442
247
277
444
595
645
775
857
840
650
325
94
98
175
365
528
619
699
669
672
688
736
768
666
510
251
46
18
162
375
567
677
600
443
319
286
340
461
599
653
660
599
444
330
367
516
645
751
865
838
715
497
370
406
530
632
647
604
524
429
334
354
437
604
729
721
614
468
449
486
479
487
522
535
579
651
617
674
617
588
552
510
545
610
606
515
434
413
475
489
475
518
546
514
493
498
559
678
722
703
620
502
410
390
436
491
516
565
635
650
595
506
462
481
527
549
544
514
480
535
623
638
632
649
691
701
688
665
615
547
545
612
646
635
571
496
441
419
410
432
448
460
426
333
243
205
213
241
251
248
263
344
456
533
534
490
441
398
386
410
445
466
493
547
608
590
536
483
470
471
489
526
520
437
327
330
975
975
974
0
0
0
0
0
0
0
0
0
0
0
0
0
0
488
962
974
888
813
835
783
682
581
387
292
399
482
314
181
237
418
635
743
727
848
974
974
882
703
552
460
418
438
524
625
666
630
565
523
516
504
499
502
497
543
590
637
643
628
575
553
544
527
514
492
510
575
616
610
552
509
508
550
569
526
454
397
433
503
519
350
22
0
0
0
0
0
0
0
0
0
0
0
0
0
0
0
0
0
0
0
0
0
0
0
0
0
0
258
197
0
595
973
973
973
973
973
973
973
973
822
625
576
578
593
564
503
474
479
488
471
383
338
390
520
456
192
200
602
972
973
973
973
973
973
922
786
665
613
585
565
546
526
502
473
472
536
612
636
609
570
539
519
499
483
476
483
531
591
616
601
562
529
514
512
531
553
560
587
615
616
591
556
530
511
498
484
466
467
567
661
668
636
582
537
597
747
882
850
647
413
340
451
671
903
974
974
734
474
284
199
261
421
592
707
727
736
779
777
679
527
402
353
376
445
495
510
463
0
0
0
0
0
0
0
0
0
0
0
422
973
973
973
973
973
973
974
974
974
974
974
974
974
974
974
974
974
974
689
528
487
139
0
253
597
920
1023
1023
1023
1023
1007
957
925
893
835
564
33
0
0
0
484
506
704
763
745
729
505
426
411
394
401
370
348
336
320
327
313
317
439
442
330
319
326
379
448
458
344
339
338
447
432
373
376
373
376
383
484
372
374
382
385
941
1023
1023
1023
1023
1023
0
0
0
0
0
0
0
170
0
0
0
0
0
64
828
1023
966
1023
1023
1023
992
874
780
748
714
716
699
685
651
616
590
579
563
550
546
558
546
541
534
513
550
602
641
651
661
688
698
697
722
820
816
768
722
683
666
641
632
639
638
624
615
613
611
600
592
550
535
575
618
570
563
544
531
490
472
369
349
323
464
451
468
494
526
549
566
567
555
533
