394
359
349
340
332
325
318
312
307
301
297
293
288
286
284
280
278
275
273
272
269
266
265
263
261
260
258
256
255
253
253
252
250
249
248
247
247
246
245
245
244
243
243
242
242
241
241
241
240
240
240
240
240
239
239
239
239
238
238
238
238
238
238
238
238
238
238
237
236
236
235
244
245
245
1023
1023
1023
1023
1023
1023
1023
1023
1023
1023
1023
1023
1023
1023
1023
1023
992
948
905
855
805
705
669
639
623
607
592
580
569
560
554
549
541
528
519
510
503
499
498
496
495
493
491
489
486
485
483
481
481
480
479
478
477
476
476
477
478
479
481
483
485
487
488
490
491
493
494
495
495
495
927
850
847
839
785
742
706
678
656
639
625
614
604
596
589
856
856
881
911
911
907
899
934
912
965
913
1023
1023
1023
1023
1023
1023
1023
1023
1023
918
902
884
882
900
1023
1023
1023
1023
1023
1023
1023
1023
1023
1023
1023
1023
1023
1023
1023
1023
1023
1023
1023
1023
1023
1023
1023
1023
1023
1023
1023
1023
1023
1023
1023
1023
1023
1023
1023
1023
1023
1023
1023
1023
1023
1023
1023
1023
1023
1023
1023
1023
1023
1023
1023
1023
1023
1023
1023
1023
1023
1023
1023
1023
1023
1023
1023
1023
1023
1023
1023
1023
1023
1023
1023
1023
1023
1023
1023
1023
1023
1023
1023
1023
1023
1023
1023
1023
1023
1023
1023
1023
1023
1001
975
990
1023
999
895
866
885
1023
1023
1016
948
898
856
821
785
755
731
707
683
664
647
631
620
609
598
590
581
574
582
578
574
572
569
567
566
564
562
559
554
550
546
543
540
536
534
530
527
523
520
518
531
531
528
525
521
517
514
510
507
503
500
497
494
491
488
485
482
481
479
478
476
475
474
473
472
471
470
469
469
469
468
467
466
466
465
465
465
465
465
464
464
463
463
462
462
461
461
461
461
461
460
460
460
460
460
459
459
459
458
457
457
457
456
456
456
455
455
454
454
454
454
454
453
453
453
453
453
453
453
453
453
453
453
453
453
453
453
453
453
453
453
453
453
453
453
453
453
453
453
453
453
452
452
452
451
451
451
450
450
450
448
448
448
447
446
445
445
444
444
444
443
442
442
442
442
441
440
440
440
440
439
439
438
438
437
436
436
434
434
433
431
431
432
431
431
431
428
427
428
428
427
427
427
427
427
427
427
425
425
425
425
424
423
423
422
422
422
421
421
420
419
418
418
418
418
418
418
417
417
417
416
415
415
414
414
414
413
414
413
412
411
410
409
409
409
409
410
410
410
410
411
416
416
417
418
419
421
422
423
421
421
425
425
426
427
428
428
428
429
432
433
435
453
450
455
462
469
473
474
478
481
481
484
484
470
459
460
460
460
460
460
460
460
460
460
460
460
460
460
460
460
460
460
460
460
457
458
458
458
457
456
456
455
454
454
453
453
453
452
452
452
451
450
450
448
448
448
448
448
447
446
446
445
445
444
444
444
445
446
447
447
446
444
444
442
440
438
437
434
434
431
430
426
425
421
419
420
423
419
418
416
414
413
412
411
410
409
408
407
406
405
404
403
402
401
400
399
398
397
396
395
395
394
393
392
391
391
390
389
389
388
388
387
386
386
385
384
384
383
382
382
381
381
381
380
379
378
376
375
374
373
373
372
371
370
369
369
368
367
367
366
365
365
364
364
363
362
362
361
360
360
360
360
360
360
360
359
359
359
358
358
358
357
357
357
357
357
356
356
356
355
355
355
355
355
355
355
355
355
354
354
354
354
354
354
354
354
354
354
353
353
353
352
352
352
351
351
351
348
349
350
350
350
350
350
350
350
350
350
350
350
350
350
350
350
350
350
350
350
350
350
350
349
349
348
348
348
348
348
347
347
347
347
346
345
345
344
344
344
344
344
344
344
344
344
344
344
344
344
344
344
344
344
344
344
344
344
344
344
344
344
344
343
343
343
343
343
343
343
343
343
343
342
342
342
342
342
341
341
341
340
340
340
339
339
339
338
338
337
337
337
336
336
336
335
335
335
334
334
334
333
333
332
332
332
331
331
331
330
330
330
330
330
329
329
329
328
328
328
327
327
327
326
326
325
325
325
324
324
324
323
323
323
322
322
321
321
321
320
320
320
319
319
319
319
319
319
319
319
318
318
318
317
316
316
315
315
315
314
314
314
314
314
313
313
313
312
312
312
312
312
312
312
312
311
311
311
310
310
310
310
310
309
309
309
308
308
308
307
307
307
307
307
306
306
306
305
304
304
303
303
303
302
302
302
302
302
302
301
301
300
300
300
300
300
300
300
300
299
299
299
298
298
298
297
297
296
296
296
295
295
295
294
294
294
294
294
293
293
293
292
292
292
291
291
291
291
291
291
290
290
289
289
289
288
288
288
287
287
287
287
287
286
286
286
285
285
285
284
284
284
283
283
283
283
283
282
282
282
281
281
281
280
280
279
279
279
278
278
278
278
278
278
278
278
277
277
277
276
276
276
276
276
276
276
276
275
275
275
274
274
273
273
273
272
272
272
271
271
271
270
270
270
269
269
269
269
269
268
268
268
267
267
267
267
267
266
266
266
265
265
265
264
264
263
263
263
262
262
262
261
261
261
260
259
259
258
258
258
258
258
258
258
258
257
256
255
255
255
255
254
254
254
253
253
252
252
252
251
251
251
250
250
250
250
250
250
250
250
249
249
249
249
249
249
249
249
249
249
249
248
248
248
247
247
247
247
247
246
246
246
245
245
245
245
245
245
245
245
245
245
245
245
245
245
245
245
245
245
245
244
244
244
243
243
243
242
242
242
242
242
241
241
241
240
240
240
240
240
240
240
240
240
240
240
240
240
240
240
240
239
239
239
238
238
238
238
238
237
237
237
236
236
236
235
235
235
235
235
234
234
234
233
233
233
233
233
233
233
233
233
233
233
232
232
232
232
232
232
232
232
232
232
232
231
231
231
231
231
231
231
231
230
230
230
229
229
229
229
229
229
229
229
229
229
229
229
229
229
229
229
229
229
229
229
229
229
229
229
229
229
229
229
229
229
229
229
229
229
229
229
229
229
229
229
229
229
229
229
228
228
228
228
228
228
228
228
228
228
228
228
228
228
228
228
228
228
228
228
228
228
228
228
228
228
228
228
228
228
228
228
228
228
228
228
227
227
227
227
227
227
227
227
227
227
227
227
227
227
227
227
227
227
227
227
227
227
227
227
227
227
227
227
227
227
227
227
227
227
227
227
227
227
227
227
227
226
226
226
226
226
226
226
226
226
226
226
226
226
226
226
226
226
226
226
226
226
226
226
226
226
226
226
226
226
226
226
226
226
226
226
226
226
226
226
226
226
226
226
226
226
226
226
226
226
226
226
226
226
226
226
226
226
226
225
225
225
225
225
225
225
225
225
225
225
225
225
225
225
225
225
225
225
225
225
225
225
225
225
225
225
225
225
225
225
225
225
225
225
225
225
225
225
225
225
225
225
225
225
225
225
224
224
224
224
224
224
224
224
224
224
224
224
224
224
224
224
224
224
224
224
224
224
224
224
224
224
224
224
224
224
224
224
224
224
224
224
224
224
224
224
224
224
224
224
224
224
224
224
224
224
224
224
224
224
224
224
224
224
224
224
224
224
224
224
224
224
224
224
224
224
224
224
224
224
224
224
224
224
224
224
224
224
224
224
224
224
224
224
224
224
224
224
224
224
224
224
224
224
224
224
224
224
224
224
224
224
224
224
224
224
224
224
224
224
224
224
224
224
224
224
224
224
224
224
224
224
224
224
224
224
224
224
224
224
224
224
224
224
224
224
224
224
224
224
224
224
224
224
224
224
224
224
224
224
224
224
224
224
224
224
224
224
224
224
224
224
224
224
224
224
224
224
224
224
224
224
224
224
224
224
224
224
224
224
224
224
224
224
224
224
224
224
224
224
224
224
224
224
224
224
224
224
224
224
224
224
224
224
224
224
224
224
224
224
226
226
225
225
224
224
224
224
224
224
224
224
224
224
224
224
224
224
224
224
224
224
224
224
224
224
224
224
224
224
224
224
224
224
224
224
224
224
224
224
223
223
222
223
225
225
224
225
224
225
225
224
226
226
223
223
224
224
225
224
224
224
224
224
224
224
224
224
224
224
224
224
224
224
224
224
224
224
224
224
224
224
224
224
224
224
224
224
224
224
224
224
221
221
222
221
222
223
222
223
222
221
222
222
222
222
221
222
222
222
223
223
222
222
222
222
222
222
222
222
222
222
222
222
222
222
222
222
222
222
223
222
223
223
222
223
223
223
223
223
223
223
223
223
223
223
223
223
223
223
223
223
223
223
223
223
223
223
223
223
223
223
223
223
223
223
223
223
223
223
223
223
223
223
223
223
223
223
223
223
223
223
223
223
223
223
223
223
223
223
223
223
223
224
223
224
224
224
224
224
224
224
224
224
225
225
225
225
224
225
225
224
224
224
224
224
224
224
224
224
224
224
224
224
224
224
224
224
224
224
224
224
224
224
224
225
224
226
226
228
227
225
223
224
223
224
224
224
225
224
224
224
224
225
224
223
223
225
225
225
225
225
225
225
225
225
225
225
225
225
225
225
225
225
225
225
225
225
225
225
225
225
225
225
225
225
225
225
225
225
225
225
225
225
225
225
225
225
225
225
225
225
225
225
225
225
225
225
225
225
225
225
225
225
225
225
225
225
225
225
225
225
225
225
225
225
225
225
225
225
225
225
225
225
225
225
225
225
225
225
225
225
225
225
225
225
225
225
225
225
225
225
225
225
226
227
227
227
227
227
227
227
227
227
227
227
227
227
227
227
227
227
227
227
226
225
225
225
224
224
224
225
224
224
224
224
224
224
224
224
224
224
224
224
224
224
224
224
224
224
224
224
224
224
224
224
224
224
224
224
224
224
224
224
224
224
224
224
224
224
224
224
224
224
224
224
224
224
224
224
224
224
224
224
224
224
224
224
224
224
224
224
224
224
224
224
224
224
224
224
224
224
224
224
224
224
224
224
224
224
224
224
224
224
224
224
224
224
224
224
224
224
224
224
224
224
224
224
224
224
224
224
224
224
224
224
224
224
224
224
224
224
224
224
224
224
224
224
224
224
224
224
224
224
224
224
224
224
224
224
224
224
224
224
224
224
224
224
224
224
224
224
224
224
224
224
224
224
224
224
224
224
224
224
224
224
224
224
224
224
224
224
224
224
224
224
224
224
224
224
224
224
224
224
224
224
224
224
224
224
224
224
224
224
224
224
224
224
224
224
224
224
224
224
224
224
224
224
224
224
224
224
224
224
224
224
224
224
224
224
224
224
224
224
224
224
224
224
224
224
224
224
224
224
224
224
224
223
223
223
223
223
223
223
223
222
222
221
220
220
220
220
220
220
220
220
220
220
220
220
220
220
220
220
220
220
220
220
220
220
220
220
220
220
220
220
219
219
219
219
220
220
220
221
220
220
220
220
220
221
221
221
220
221
221
221
221
220
220
220
220
220
221
221
221
221
221
222
223
223
223
222
222
222
222
222
222
222
222
221
222
222
221
223
223
222
223
223
223
223
223
223
223
223
223
223
223
223
223
223
223
222
221
221
223
222
223
222
222
221
221
221
221
221
221
221
221
221
221
221
221
221
221
221
221
221
221
221
221
221
221
221
221
221
221
221
221
221
221
221
221
221
221
221
221
221
221
221
221
221
221
221
221
221
221
221
221
221
221
221
221
221
221
221
221
221
221
221
221
221
221
221
221
221
221
221
221
221
221
221
221
221
221
221
221
221
221
221
221
221
221
221
221
221
221
221
221
221
221
223
223
223
223
223
223
223
222
221
221
220
220
220
220
220
220
220
220
220
220
220
220
220
220
220
220
220
220
220
220
220
220
220
220
220
220
220
220
220
220
220
220
220
220
220
220
220
220
220
220
220
220
220
220
220
220
220
220
220
220
220
220
220
220
220
220
220
220
220
220
220
220
220
220
220
220
220
220
220
220
220
220
220
220
220
220
220
222
222
222
222
222
221
220
220
220
220
220
220
220
220
220
220
220
220
220
220
220
220
220
220
220
220
220
220
220
220
220
220
220
220
220
220
220
220
220
220
220
220
220
220
220
220
220
220
220
220
221
221
221
221
221
221
221
221
221
221
221
221
221
221
221
222
223
223
223
222
221
221
222
221
222
224
224
224
224
224
224
224
224
224
224
224
224
224
224
224
224
224
224
224
224
224
224
224
224
224
224
224
224
224
224
224
224
224
224
224
224
224
224
224
224
224
224
224
224
224
224
224
223
222
222
221
221
221
222
222
222
222
222
222
221
220
220
220
220
220
220
220
220
220
220
220
220
220
220
221
221
221
222
223
223
223
221
222
222
223
223
221
221
221
221
221
221
221
221
221
221
221
221
221
221
221
221
221
221
221
221
221
221
221
221
221
221
221
221
221
221
221
221
221
221
221
221
221
221
221
221
221
222
223
223
223
223
223
223
223
223
223
223
223
223
223
223
223
223
223
223
223
223
223
223
223
223
223
223
223
223
223
223
222
222
222
222
222
222
222
221
221
221
221
221
221
221
221
222
222
222
221
221
221
221
221
221
221
221
221
221
221
221
221
221
221
222
222
222
222
222
222
222
222
222
222
222
222
222
222
222
222
222
222
222
222
222
222
222
222
222
222
222
222
222
222
222
222
222
222
222
222
221
221
221
222
221
221
221
221
221
221
221
221
221
221
221
221
221
221
221
222
222
222
222
222
222
222
222
222
222
222
222
222
222
222
222
222
222
222
222
222
222
222
222
222
222
222
222
222
222
222
222
222
222
222
222
222
222
222
222
222
222
222
222
222
222
222
222
222
222
222
222
222
222
221
221
221
221
221
221
222
222
222
222
222
222
222
222
222
222
222
222
222
222
222
222
222
222
222
222
222
223
222
222
222
221
221
220
220
220
220
220
220
220
220
220
220
220
220
220
220
220
220
220
220
220
220
220
220
220
220
220
220
220
220
220
220
220
220
220
220
220
220
220
220
220
220
220
220
220
220
219
219
219
219
219
219
219
219
219
219
219
216
215
217
218
218
218
218
218
218
217
218
218
217
218
219
219
220
219
219
219
218
218
218
217
218
218
218
218
218
218
218
218
218
219
218
218
218
218
218
218
218
218
218
218
218
218
219
219
218
219
219
218
219
218
218
219
219
220
220
219
219
219
219
220
220
220
220
220
220
220
220
220
220
220
220
220
220
220
220
220
220
220
220
220
220
220
220
220
220
220
220
220
217
215
216
217
218
218
219
219
219
219
219
219
219
219
219
219
219
219
219
219
219
219
219
219
219
219
219
219
219
219
219
219
219
219
219
219
219
219
219
219
219
219
219
219
219
219
219
219
219
219
219
219
219
219
219
219
219
219
219
219
218
218
218
218
219
219
220
221
221
221
221
221
221
221
221
221
221
221
221
220
219
219
219
219
219
218
218
218
218
218
218
218
218
218
218
218
218
218
218
218
218
218
218
218
218
218
218
218
218
218
218
218
218
218
218
218
218
218
218
218
218
218
218
218
218
218
218
218
218
218
218
219
219
220
220
220
221
221
221
221
221
221
221
220
220
220
220
221
221
221
221
221
220
220
220
220
220
221
221
219
219
219
219
219
219
219
219
218
218
217
218
219
219
219
219
219
219
219
219
219
219
219
219
218
218
218
218
218
218
218
218
218
218
218
216
216
216
216
216
216
216
217
217
217
217
217
218
219
218
217
217
217
217
217
217
217
217
217
217
217
217
217
217
217
217
217
217
217
217
217
217
217
217
217
217
217
217
217
217
217
217
217
217
217
217
217
217
217
217
217
217
217
217
217
217
217
217
217
217
217
217
217
217
217
217
217
217
217
217
217
217
217
217
217
217
217
217
217
217
217
217
217
217
217
217
217
217
217
217
217
217
218
218
218
218
218
219
219
219
219
219
219
219
219
219
219
220
222
221
221
220
220
220
220
220
220
220
220
220
220
220
220
220
220
220
220
220
220
220
220
220
220
220
220
220
220
221
221
220
220
220
220
220
220
220
220
220
220
220
220
220
220
220
220
220
220
220
220
220
220
220
220
220
220
220
220
220
220
220
220
220
220
220
220
220
220
220
220
220
219
219
219
219
219
220
220
220
220
220
220
220
218
218
217
217
217
217
217
217
217
217
217
217
217
217
217
217
217
217
217
217
217
217
217
217
217
217
217
217
217
217
217
217
217
217
217
217
217
217
217
217
217
217
217
217
217
217
217
217
217
217
217
217
217
217
217
217
217
217
217
217
217
217
217
218
218
218
219
219
220
220
221
221
222
222
223
223
224
225
224
225
226
227
228
225
226
229
230
232
232
233
233
232
233
234
234
234
234
234
234
235
235
235
235
235
235
235
235
235
235
235
235
235
235
235
235
235
235
235
235
235
235
235
235
235
235
235
235
235
235
235
235
235
235
235
235
235
235
235
235
235
235
235
235
235
235
235
235
235
235
235
235
235
235
235
235
235
235
235
235
235
235
235
235
235
235
235
235
235
235
235
235
235
235
235
235
235
235
235
235
235
235
235
235
235
235
235
235
235
235
235
235
235
235
235
235
235
235
235
235
235
235
235
235
234
234
234
234
234
234
234
234
234
234
234
234
234
234
234
234
234
234
234
234
234
234
233
233
233
233
233
233
233
233
233
233
233
233
233
233
233
233
233
233
233
233
233
233
233
233
233
233
233
233
233
233
233
233
233
233
233
233
233
233
232
232
232
231
231
231
230
230
230
230
230
229
229
229
228
228
228
228
228
228
228
228
228
228
228
228
228
228
228
228
228
228
228
228
228
228
228
228
228
227
226
226
226
226
226
226
226
226
226
226
226
226
226
227
227
227
226
226
226
225
225
225
225
225
225
225
225
225
225
225
224
224
224
224
224
224
224
224
224
224
224
224
224
224
224
224
224
224
224
224
224
224
224
224
224
224
224
224
223
223
224
224
224
224
224
224
224
224
224
223
223
223
223
223
223
223
223
223
224
224
224
224
225
224
225
224
224
224
223
223
223
223
223
223
223
223
224
225
225
225
225
225
225
225
225
225
225
225
225
225
225
225
225
225
225
225
225
226
226
225
225
225
225
225
225
225
225
225
225
225
224
224
224
224
224
224
224
225
225
225
225
224
224
224
224
224
224
224
224
224
224
224
224
224
224
224
224
224
224
224
225
225
225
225
225
225
225
225
225
225
226
226
226
226
226
226
226
226
226
227
227
228
228
228
228
228
229
229
229
230
227
227
227
227
227
227
226
227
227
227
228
229
229
230
230
230
230
230
230
230
230
230
230
230
230
230
230
230
230
230
230
230
228
229
229
229
229
230
229
229
229
229
229
229
228
228
228
228
228
228
228
228
228
228
229
230
228
229
228
229
229
229
230
229
229
230
229
229
230
229
229
230
229
230
229
230
231
230
230
