978
978
978
978
977
978
978
978
978
978
977
978
977
978
978
978
978
978
978
978
978
978
978
978
977
977
977
977
976
976
976
975
975
974
974
973
973
973
973
972
972
972
972
972
972
972
972
972
972
972
972
972
972
972
972
972
972
972
971
971
971
971
971
971
854
165
0
0
0
0
0
0
445
878
971
971
971
972
972
972
972
972
973
973
973
973
973
973
973
973
973
973
973
973
973
973
973
972
972
972
972
749
138
0
0
0
0
0
0
0
0
0
0
0
0
0
0
0
0
0
0
0
0
0
0
0
0
0
0
0
0
0
0
0
0
0
0
0
0
0
0
0
0
0
0
0
0
0
0
271
971
972
972
973
973
974
975
975
974
973
972
972
972
972
972
972
974
975
975
975
975
975
975
976
975
973
973
971
971
971
972
973
973
972
971
971
396
162
971
972
972
973
973
972
973
973
973
973
972
972
971
0
0
974
976
977
978
978
978
978
978
978
978
978
978
978
978
978
978
978
978
978
978
978
978
978
978
978
978
978
979
978
978
978
978
978
978
978
978
978
978
978
978
978
978
978
978
978
978
978
978
979
979
979
979
979
979
979
979
979
979
979
979
979
979
979
979
979
979
979
979
979
979
979
979
979
979
979
978
979
979
979
979
979
978
976
976
977
976
974
0
0
0
0
0
0
0
0
0
281
975
975
976
978
977
974
0
0
0
0
0
0
0
0
0
0
0
0
0
0
0
0
0
0
0
0
0
0
0
0
0
0
0
0
0
0
0
0
0
0
0
0
0
0
0
0
0
0
0
0
0
0
0
0
0
0
0
0
0
0
0
0
0
0
0
0
0
0
0
0
0
0
0
0
0
0
0
0
0
0
0
0
0
0
0
0
0
0
0
0
0
0
0
0
0
0
0
0
0
0
0
0
0
0
0
0
0
0
0
0
0
276
972
971
971
970
970
0
0
0
0
0
0
0
0
0
0
0
0
0
0
0
0
0
0
0
0
0
0
0
0
0
0
0
0
0
0
0
0
0
0
0
0
0
0
0
0
0
0
0
0
0
0
0
0
0
282
543
659
617
503
452
444
422
391
381
383
389
396
393
392
395
397
400
407
414
419
422
430
449
481
491
468
446
436
430
426
432
443
449
446
447
450
452
449
449
453
459
466
479
492
488
478
472
470
467
470
475
475
473
472
471
470
469
469
467
467
477
495
503
502
500
497
492
486
482
480
480
482
483
484
488
487
485
482
479
482
493
515
524
514
503
498
492
485
479
478
483
485
487
486
487
489
489
490
485
484
484
489
511
527
520
499
490
493
501
507
506
507
509
507
506
503
500
495
490
487
485
486
497
512
517
509
486
465
474
493
507
525
625
890
968
968
968
969
969
969
969
970
970
970
971
971
972
972
972
973
973
974
973
973
974
974
974
973
973
972
972
971
971
971
970
970
970
970
970
969
969
36
0
0
0
0
0
0
0
0
0
0
0
0
0
0
0
0
0
0
0
0
22
270
412
462
455
426
402
401
413
418
415
410
414
420
423
424
427
433
435
437
442
443
441
438
443
448
447
447
451
456
458
461
469
475
486
487
478
470
469
471
469
466
468
467
463
461
464
466
467
473
484
484
476
467
463
461
462
469
492
510
499
482
475
470
464
462
471
475
474
471
468
466
467
474
477
480
482
481
480
478
484
505
530
524
504
484
474
473
476
482
491
495
496
495
492
492
489
485
490
492
491
489
493
536
577
560
516
480
463
456
459
470
479
488
496
503
512
523
540
559
565
549
534
521
497
481
517
563
546
490
442
426
425
433
442
447
448
448
448
448
451
453
456
455
456
452
451
452
463
499
540
533
501
469
458
452
454
458
462
466
467
467
467
468
470
470
473
476
479
478
480
490
520
539
524
494
477
471
473
475
477
479
480
480
480
479
482
483
483
485
486
485
488
502
525
525
509
490
480
477
481
487
493
495
491
488
485
487
492
492
493
492
491
488
491
510
535
537
512
494
487
484
487
492
494
497
496
495
495
495
494
493
494
497
497
497
494
502
531
543
526
500
487
487
489
495
500
500
497
494
495
495
495
494
496
500
504
504
516
539
548
526
498
489
486
489
504
505
501
495
492
491
491
495
499
501
509
539
558
542
510
487
483
485
490
494
492
490
489
491
496
497
498
498
497
502
527
544
538
516
503
500
499
500
499
496
493
490
490
491
491
490
489
496
539
592
602
567
514
472
453
457
477
490
491
495
505
510
507
498
489
487
510
547
546
518
490
478
478
486
495
500
499
497
495
495
497
500
503
519
574
603
578
533
503
486
477
475
480
489
497
507
511
511
507
504
518
637
792
794
679
572
512
477
451
443
433
423
424
437
455
470
479
484
488
490
535
595
580
529
503
495
483
470
470
470
470
472
479
486
493
492
489
486
495
548
610
613
583
619
825
971
973
974
973
972
973
973
973
973
973
973
973
973
974
975
974
974
973
973
973
972
972
971
971
971
971
971
970
970
970
970
970
970
970
970
970
970
970
253
0
0
0
0
0
0
0
0
0
0
0
0
0
0
0
0
0
0
0
0
0
0
0
379
969
969
969
969
969
969
969
969
969
969
969
969
969
969
891
968
970
970
971
972
972
978
978
977
975
974
974
973
973
972
972
971
971
972
975
976
977
977
976
976
975
976
977
979
979
978
976
976
976
975
975
975
975
975
976
974
974
974
973
973
973
974
974
974
973
973
973
972
972
972
972
972
973
973
973
973
973
973
973
973
973
973
973
973
972
972
339
0
0
0
0
0
0
0
0
0
0
0
0
0
0
0
0
0
0
0
0
0
0
0
0
0
0
0
0
0
0
0
0
0
0
0
0
0
0
0
0
0
0
0
0
0
0
0
0
0
0
0
435
970
971
971
971
971
971
971
971
971
971
971
971
972
972
973
973
974
975
975
974
972
973
978
979
979
979
979
979
979
979
978
978
977
977
977
977
977
977
977
977
977
977
978
978
978
979
979
979
979
978
977
974
973
972
971
0
0
0
0
0
0
0
0
0
0
0
0
0
0
0
0
0
0
0
0
0
0
0
0
0
0
0
0
0
0
0
0
0
0
0
0
0
0
0
0
0
0
0
0
0
0
0
0
0
0
0
0
0
0
0
0
0
0
0
0
0
0
0
0
0
0
0
0
0
0
0
0
0
0
763
969
970
970
970
970
971
971
971
971
971
970
970
971
971
970
971
971
971
972
972
973
973
973
974
974
974
974
974
974
974
974
973
972
971
971
973
975
975
976
976
976
976
976
976
976
976
977
977
977
977
977
978
978
978
978
979
979
980
980
979
979
979
979
979
979
978
978
979
978
975
974
975
975
974
974
974
973
973
972
656
0
0
0
0
0
0
0
0
0
0
0
0
0
0
0
0
0
0
0
0
0
0
0
0
0
0
0
0
0
974
974
975
975
975
975
976
976
975
976
976
975
973
972
971
676
0
0
0
0
0
0
0
0
0
0
0
0
0
0
0
0
0
0
0
0
0
0
0
0
0
0
0
0
0
0
0
0
0
0
0
0
0
0
0
0
0
0
0
0
0
0
0
0
0
0
0
0
0
0
0
0
0
0
0
0
0
0
0
0
0
0
145
603
719
575
329
166
69
21
0
7
60
140
213
242
211
361
951
969
969
969
969
969
969
969
969
969
882
502
208
72
78
155
248
346
404
397
324
244
193
215
685
970
970
971
971
971
971
971
970
970
969
969
968
0
0
0
0
0
0
0
0
0
0
0
0
0
0
0
42
969
969
969
969
969
969
969
969
969
634
294
108
88
309
970
978
978
977
975
972
970
969
968
968
0
0
970
970
970
970
969
265
0
0
0
0
0
0
0
0
0
0
0
42
637
969
969
969
970
970
970
971
971
972
972
973
974
975
975
977
978
979
979
980
980
980
980
980
980
980
980
981
981
980
979
974
974
973
973
974
974
974
974
974
975
973
972
974
973
973
973
971
971
969
0
0
0
0
0
0
0
0
0
0
0
0
0
0
0
0
0
0
0
0
0
0
0
0
0
0
0
0
0
0
0
0
0
0
0
0
0
0
0
0
0
0
0
0
0
0
0
0
0
0
0
0
0
0
21
359
563
664
662
598
524
479
469
481
491
498
507
513
511
508
518
551
577
586
587
600
611
600
581
569
566
566
562
557
553
548
543
539
535
530
525
518
514
512
506
501
497
498
515
562
622
659
667
657
647
638
623
608
595
580
564
546
530
514
503
494
487
486
488
486
481
474
467
463
459
474
520
580
635
660
664
654
636
610
582
560
546
531
517
503
490
485
486
487
482
486
488
486
478
465
458
461
500
572
647
686
686
669
651
624
586
559
545
536
524
510
498
489
479
472
463
459
468
487
767
969
969
833
429
417
557
657
686
676
667
661
644
629
557
328
82
7
161
286
371
417
444
969
974
979
980
980
980
979
979
975
971
971
970
970
970
970
970
969
799
0
0
237
979
979
978
975
974
974
974
974
974
974
974
974
974
974
973
973
973
973
973
974
974
975
976
976
977
977
977
977
977
977
978
978
978
978
978
978
979
979
979
979
979
979
979
979
979
978
976
970
971
970
0
0
740
973
972
972
972
938
300
0
34
553
972
972
972
972
972
972
932
610
322
69
0
0
0
0
0
0
0
0
0
0
317
602
794
972
972
972
972
972
972
972
972
972
972
972
972
953
869
763
652
578
543
535
561
586
560
488
412
388
415
484
579
626
645
640
644
648
620
553
482
451
457
482
531
365
0
0
76
437
972
973
972
972
972
973
973
972
972
798
630
524
208
0
0
0
0
0
0
0
0
0
0
0
0
0
0
0
0
0
0
626
972
972
972
972
972
972
972
935
763
580
476
538
608
652
649
617
596
677
792
855
886
876
793
684
609
558
538
567
619
630
605
617
700
832
925
937
846
690
538
471
473
523
561
567
585
639
660
614
582
599
609
559
504
425
190
0
0
0
47
298
453
660
927
972
972
847
616
339
102
0
0
0
0
0
0
81
93
116
274
503
685
795
804
737
621
556
606
838
972
972
972
972
688
453
338
218
0
0
0
118
646
972
972
972
949
972
972
945
813
651
473
373
363
415
468
491
497
533
519
477
461
486
529
537
523
510
505
493
472
464
460
452
417
329
231
217
294
383
375
311
296
337
439
525
513
431
364
348
372
392
361
297
238
255
384
426
400
338
282
207
186
263
365
443
503
535
547
547
530
509
498
493
491
490
460
418
397
410
451
464
440
445
479
507
518
508
483
472
428
277
0
0
0
0
0
0
0
0
0
203
352
440
518
622
714
763
756
741
969
972
972
972
972
973
975
975
975
975
975
975
976
978
978
978
978
977
977
977
976
977
977
978
978
978
978
978
978
979
979
979
978
972
973
973
973
974
975
977
978
978
978
978
977
976
977
977
977
977
977
977
977
977
977
978
978
978
978
978
979
979
979
979
979
979
979
979
979
979
979
979
979
979
979
979
979
979
979
979
979
979
979
979
979
979
979
979
979
979
979
979
979
979
979
978
978
978
978
978
978
978
978
978
978
978
978
978
978
977
978
978
978
979
979
979
979
979
979
979
978
978
978
978
978
978
978
978
978
460
81
0
53
267
389
291
1
0
0
0
0
0
218
204
0
0
0
0
0
0
0
0
0
0
0
0
0
0
0
977
977
978
977
977
977
977
977
976
471
0
0
0
0
0
0
0
0
0
0
0
0
0
0
0
0
0
0
0
0
0
0
0
0
0
0
0
0
0
0
0
0
0
0
0
0
0
0
0
0
0
0
0
0
0
0
0
0
0
0
0
0
0
0
0
0
0
0
0
0
0
0
0
0
0
0
0
0
0
0
0
0
0
0
0
0
0
0
0
0
0
0
0
0
0
0
0
0
0
0
0
0
0
0
0
0
973
974
975
975
976
975
976
976
976
976
975
976
977
977
978
978
978
979
979
979
979
979
979
980
979
979
979
979
979
978
978
978
978
978
978
978
977
977
977
977
977
977
977
977
977
975
969
0
0
0
0
0
0
0
0
0
0
0
0
0
0
0
0
0
0
0
0
0
0
0
0
0
0
0
0
0
0
0
0
0
0
0
0
0
0
0
0
0
0
0
0
0
0
0
0
0
0
0
0
0
0
0
0
0
0
0
0
0
0
0
0
0
0
0
0
0
0
0
0
0
0
0
0
0
0
0
0
0
0
0
0
0
0
0
0
0
0
0
0
0
0
0
0
0
0
0
0
0
0
0
0
0
0
0
0
0
0
0
0
0
0
0
468
767
550
442
969
969
969
969
969
969
969
969
969
968
968
813
425
194
116
168
292
389
450
463
435
399
386
406
437
447
438
425
423
440
466
493
505
501
494
493
494
496
493
482
469
463
462
471
492
507
509
498
479
457
450
457
471
482
480
468
456
451
456
472
485
496
500
494
494
510
516
515
519
525
525
523
519
520
523
522
515
505
495
485
478
473
470
465
457
443
429
423
425
421
410
408
432
461
474
471
455
437
420
393
368
374
407
441
470
483
483
471
464
470
478
490
495
476
472
491
504
508
523
557
633
968
968
969
969
969
969
969
969
969
969
969
969
969
969
969
969
969
969
693
407
276
278
355
432
476
494
491
473
449
426
411
401
394
383
365
336
314
318
335
347
355
369
365
969
969
969
969
969
969
969
969
969
969
969
607
281
76
0
0
13
151
300
410
460
457
422
362
306
302
341
398
446
472
480
465
442
425
412
397
382
367
359
364
375
388
413
454
490
517
524
471
436
444
463
451
460
498
539
557
558
560
573
586
600
611
593
556
514
487
474
472
472
469
463
463
468
477
495
532
562
582
592
585
568
556
517
448
393
379
393
425
468
512
539
556
574
555
494
460
475
504
525
521
485
453
459
548
719
781
755
701
656
651
686
716
707
681
675
700
727
738
768
790
767
693
552
305
30
0
0
0
277
519
398
73
0
17
246
395
481
742
969
969
969
969
969
848
662
969
969
722
0
0
0
0
0
0
0
0
0
0
0
0
0
0
0
0
123
374
600
693
680
620
578
580
603
620
627
626
613
590
568
557
547
535
526
522
520
517
510
502
496
489
483
480
496
529
568
598
607
616
623
603
564
528
501
470
439
415
380
337
316
322
347
386
430
464
484
501
512
505
476
449
426
412
403
395
378
315
300
395
498
532
505
451
407
390
408
445
473
479
471
463
458
450
445
440
439
429
401
391
435
495
523
525
517
509
501
499
504
511
505
493
495
522
589
655
607
501
433
433
472
510
526
521
501
474
455
445
443
452
469
478
480
483
492
507
516
525
535
538
540
545
559
574
578
556
522
502
504
513
527
543
544
530
517
502
481
454
438
453
485
514
522
515
498
485
481
484
488
491
490
485
475
463
459
461
471
499
519
500
463
443
451
474
506
537
558
557
541
525
515
511
517
527
518
509
516
535
546
544
536
537
542
546
542
532
526
526
527
528
525
525
524
519
505
479
475
491
517
539
547
546
539
529
520
515
516
517
517
512
511
511
511
509
504
496
480
468
479
507
539
561
568
560
545
528
509
509
521
534
536
522
500
480
469
467
469
478
488
491
482
486
494
498
502
511
524
534
536
528
518
511
508
506
501
495
491
487
492
499
507
506
495
479
478
491
502
508
513
511
497
483
480
488
502
513
515
512
507
500
496
494
488
489
496
499
505
506
493
471
454
453
464
477
485
489
493
493
492
491
491
494
495
496
499
500
499
500
493
491
494
487
470
453
445
448
450
455
459
468
489
521
539
538
525
522
524
521
517
514
509
493
491
503
513
520
521
520
515
507
501
503
512
521
520
513
509
507
508
511
519
529
519
495
492
519
562
589
592
581
568
566
567
566
564
551
530
511
496
487
503
550
612
595
460
973
978
978
977
974
972
971
971
970
970
970
970
970
970
969
969
969
969
969
969
793
294
48
204
885
970
971
971
971
972
973
973
972
972
972
970
970
969
970
970
970
972
974
975
975
974
974
974
974
974
973
973
974
977
979
978
977
976
975
975
975
975
975
975
975
975
975
975
976
976
976
977
977
978
979
979
979
979
979
980
979
979
979
979
979
980
980
980
981
981
981
981
981
981
981
980
980
980
980
980
980
980
979
978
973
971
972
972
764
0
0
0
0
0
924
976
973
974
974
974
973
973
973
973
973
902
412
176
22
0
0
0
0
0
0
0
0
0
0
0
0
0
0
0
0
0
0
0
0
0
0
975
976
976
975
975
975
975
975
975
975
975
975
975
975
975
975
975
975
975
975
975
975
975
975
975
975
975
975
975
975
975
975
975
975
975
975
975
975
974
975
974
974
974
974
974
974
974
922
730
655
645
627
597
575
551
538
512
491
487
490
490
487
484
483
483
480
472
469
508
561
591
579
523
431
344
310
340
389
416
425
422
424
440
454
456
414
346
346
395
480
636
719
728
672
612
565
535
519
512
510
508
504
495
487
494
509
519
517
510
513
552
608
653
660
653
635
615
595
576
555
531
510
496
490
492
494
493
481
465
453
469
532
615
663
682
650
608
565
534
519
512
504
490
479
468
462
457
454
451
451
466
517
584
617
631
613
586
558
534
520
514
511
505
496
483
476
483
495
494
477
474
511
566
596
608
581
548
519
501
493
490
486
480
475
473
475
475
475
488
528
568
585
593
578
552
524
508
481
435
414
421
443
469
490
508
538
566
593
593
581
562
534
508
494
485
470
441
385
300
226
181
176
191
205
208
0
0
979
980
980
979
976
975
973
972
0
0
0
0
0
0
0
0
0
0
0
0
0
0
0
0
0
0
0
0
0
0
0
0
0
0
0
0
0
0
0
0
0
0
0
0
0
0
0
0
0
0
0
0
0
0
0
0
0
0
0
0
224
975
976
976
975
976
975
975
976
976
975
974
975
974
974
974
973
972
973
973
973
973
973
974
974
974
974
974
973
973
973
973
449
0
0
329
974
975
975
975
976
977
978
978
979
979
979
979
980
980
980
980
980
980
980
980
980
980
980
979
979
980
980
980
980
980
980
979
979
978
977
975
974
973
0
0
0
0
0
0
0
0
0
0
0
0
976
973
973
0
0
0
0
0
0
0
0
0
0
0
0
0
0
0
0
0
0
0
0
0
0
0
345
874
773
0
0
0
0
0
0
0
0
0
0
0
0
0
0
0
201
418
556
589
604
641
716
746
668
490
302
206
202
263
348
413
448
459
461
495
573
666
756
805
831
845
852
869
900
924
910
843
777
702
642
590
560
566
567
592
688
846
973
973
973
973
974
974
974
974
974
974
974
975
975
975
975
975
975
975
975
975
976
976
976
976
976
976
976
976
976
976
976
976
976
976
976
976
977
977
977
977
977
977
977
977
977
977
977
977
976
977
977
976
976
976
976
976
976
976
976
976
976
976
976
976
976
976
976
976
976
976
543
190
0
0
0
0
0
0
0
252
550
744
770
674
562
507
483
469
462
475
500
491
437
394
442
607
860
976
976
976
976
975
584
183
0
43
229
481
682
771
622
415
231
177
215
277
314
294
242
195
153
109
0
0
0
0
0
0
96
320
571
797
975
975
975
976
976
976
975
975
975
474
22
116
393
686
915
975
976
976
976
976
976
976
976
976
976
976
976
976
976
976
976
976
976
976
898
534
336
282
296
329
367
409
430
412
361
336
341
351
365
432
572
619
548
409
193
16
0
68
291
485
560
579
582
580
546
502
486
522
598
675
703
672
602
517
493
524
578
633
683
713
723
704
659
599
526
475
454
450
468
522
586
646
671
690
676
653
628
609
593
568
523
474
408
293
84
0
0
0
0
0
650
978
978
979
978
979
979
978
978
979
979
980
980
980
980
980
980
980
980
980
980
980
980
980
980
978
970
0
0
0
0
0
0
0
0
0
0
0
0
0
0
0
0
0
0
0
0
0
0
0
0
0
0
0
0
0
0
0
0
0
0
0
0
0
0
980
981
980
980
979
978
976
976
975
975
976
976
975
975
162
0
0
0
0
0
0
0
0
0
979
980
979
976
975
976
977
978
978
978
979
980
980
980
980
981
981
981
981
981
981
981
981
981
981
981
981
981
981
981
981
981
981
981
981
981
981
981
981
981
980
980
980
980
980
980
980
980
980
980
980
980
980
980
980
980
980
980
980
980
980
980
980
980
980
980
980
980
980
980
980
980
980
980
979
979
979
736
399
219
204
283
353
359
247
25
0
0
0
0
0
649
979
980
980
980
980
980
979
0
0
0
0
0
0
0
0
0
0
0
0
0
0
0
0
0
568
979
979
978
977
433
0
0
0
177
691
875
894
886
914
978
978
978
978
979
978
978
733
607
600
685
802
940
979
848
694
686
900
979
979
979
979
979
980
980
980
980
980
980
727
539
497
572
680
761
736
665
598
563
612
734
880
980
980
980
980
818
646
600
614
637
629
461
0
0
0
0
0
0
0
0
109
477
980
0
0
0
0
0
0
0
0
0
0
0
0
0
0
980
981
981
981
981
981
981
981
981
981
981
981
981
981
981
981
981
981
981
980
980
978
0
0
0
0
0
0
0
0
0
0
0
0
0
0
0
0
0
0
0
0
0
0
0
0
0
0
0
0
0
0
0
0
0
0
0
0
0
0
0
0
0
0
0
0
0
0
0
0
0
0
0
0
0
0
0
0
0
0
0
0
0
0
0
0
0
0
0
0
0
0
0
0
0
0
0
0
0
0
0
0
0
0
0
0
0
0
0
0
0
0
0
0
0
0
0
0
0
0
0
0
0
0
0
0
0
0
0
0
0
0
0
0
0
0
0
0
0
0
0
0
0
0
0
0
0
0
0
0
0
0
0
0
0
973
974
975
975
975
974
975
974
974
974
973
973
974
974
974
974
974
974
974
974
975
975
976
976
976
976
976
976
976
976
976
976
975
975
976
976
976
976
976
976
976
976
976
976
976
976
976
976
976
976
976
976
976
976
976
976
976
977
977
978
978
978
979
979
979
980
980
980
981
981
981
981
981
981
981
981
981
981
981
981
981
981
981
981
981
981
980
979
978
978
978
978
978
978
978
979
979
977
978
978
977
977
976
976
0
0
977
977
979
980
981
981
981
981
978
974
0
0
0
0
0
0
0
0
0
0
0
0
0
0
0
0
0
0
0
0
0
0
0
0
0
0
0
0
980
981
981
981
980
977
977
978
978
978
978
979
980
980
980
981
981
981
981
981
981
981
981
981
980
979
979
978
978
979
979
979
979
979
979
979
979
978
977
977
978
979
980
980
980
981
981
981
981
981
981
981
981
981
981
981
980
980
980
979
979
979
978
307
0
0
0
0
0
0
0
0
0
0
149
977
978
247
0
0
0
259
640
89
0
0
615
976
0
978
980
981
981
981
978
980
980
980
981
981
980
980
980
980
980
980
979
979
979
979
0
0
0
0
0
312
979
979
979
979
979
979
979
979
979
979
686
145
267
565
367
0
0
0
0
0
0
0
0
0
0
0
0
0
0
0
0
0
0
0
0
0
0
0
0
979
980
979
980
980
980
980
979
978
978
977
1
0
0
0
0
0
0
0
0
0
0
0
0
0
0
0
0
0
0
0
0
0
0
0
0
0
0
0
0
0
0
0
0
0
0
976
975
558
0
0
0
977
978
976
977
978
978
979
980
980
980
979
978
978
978
979
980
980
980
981
981
981
981
981
981
981
981
980
980
978
977
976
0
0
0
0
0
0
0
0
0
0
0
0
0
0
0
0
0
0
0
0
0
0
0
0
0
0
0
0
0
0
0
976
976
976
975
975
391
0
0
718
702
0
0
0
0
0
0
0
977
976
975
974
0
0
0
387
979
980
980
980
979
979
979
980
979
979
980
980
980
980
980
981
979
978
980
979
979
979
980
980
980
979
980
980
980
980
976
975
0
0
659
977
977
978
978
979
979
978
978
977
976
0
0
0
0
0
0
0
0
0
0
0
0
0
0
977
977
978
977
976
133
0
0
0
0
0
0
0
115
977
976
976
843
0
0
0
0
0
0
0
0
0
0
0
0
608
976
977
977
977
978
978
978
979
979
979
979
979
979
979
978
978
978
978
977
977
977
669
0
0
0
0
0
0
0
552
977
977
977
977
977
977
977
977
977
439
0
0
0
0
172
853
977
977
977
977
977
977
977
877
485
338
375
458
535
577
586
576
559
539
523
528
552
574
589
590
582
572
559
542
530
522
515
507
499
491
486
483
483
494
516
542
561
564
561
554
537
517
498
475
452
437
423
400
371
353
353
373
402
479
557
598
610
591
582
565
556
541
525
507
480
464
459
458
462
472
480
484
484
484
495
518
543
554
551
541
532
522
515
510
503
491
476
452
427
418
421
440
467
490
492
508
520
534
548
554
551
543
533
520
506
496
493
486
480
477
472
472
471
467
465
465
467
466
475
493
515
521
538
540
534
527
520
511
506
504
507
512
509
499
482
462
450
446
446
444
454
473
490
506
507
515
505
497
490
484
480
478
479
479
478
477
475
475
478
490
499
520
527
526
521
513
505
499
495
493
490
488
484
483
482
485
488
485
480
487
502
516
521
522
522
518
512
506
502
498
496
493
489
487
486
485
485
484
482
481
487
498
510
515
520
517
511
504
501
501
500
499
496
493
492
493
489
487
488
485
485
490
499
512
518
519
516
512
510
505
503
501
499
496
494
493
494
494
495
494
490
489
491
503
509
513
513
513
512
511
510
513
511
506
497
492
489
489
488
490
489
485
484
487
494
504
513
513
524
524
519
517
517
515
508
501
497
494
491
487
485
484
484
484
486
492
500
504
500
514
515
513
509
506
503
499
498
497
495
497
502
497
498
465
411
386
407
449
458
430
401
399
422
445
437
406
356
304
286
339
419
477
517
522
523
512
491
479
480
487
495
502
507
508
507
505
496
506
507
503
502
500
498
494
490
493
499
503
505
504
500
499
501
504
500
501
502
499
495
496
497
497
495
494
496
498
505
512
512
510
507
507
507
506
505
504
503
499
498
497
499
500
505
503
503
508
512
513
513
512
509
509
510
508
505
504
503
504
504
505
506
505
510
515
515
513
512
513
511
507
506
507
513
511
507
506
504
505
508
521
534
537
534
524
514
507
506
508
511
513
512
509
506
506
503
501
501
503
504
509
513
515
515
518
523
522
519
516
510
503
502
505
506
508
510
507
510
512
508
504
505
516
529
529
548
570
605
648
694
716
722
728
728
711
676
638
622
640
657
648
611
572
559
577
615
643
651
647
639
615
577
543
525
516
515
518
522
521
517
514
509
505
503
503
506
515
520
524
529
532
534
535
532
526
516
514
512
510
506
506
509
508
507
508
513
519
521
519
516
513
510
511
514
512
507
504
502
500
498
498
503
509
511
499
494
488
491
490
490
501
508
510
517
525
523
517
513
511
509
509
509
513
514
514
522
531
535
517
497
507
528
537
531
521
522
542
562
587
613
692
849
919
937
924
912
933
952
908
823
739
671
615
574
556
548
538
533
522
504
503
534
580
607
617
642
677
717
720
671
595
531
493
493
512
525
523
524
536
547
543
559
665
725
725
673
599
533
499
494
527
567
586
582
552
398
611
789
628
498
489
525
543
517
469
446
428
420
381
377
205
82
149
337
516
589
597
575
555
544
466
229
0
0
0
42
0
0
86
417
581
542
501
407
337
401
511
564
581
559
517
483
437
406
420
478
683
686
636
564
527
555
542
404
385
118
0
0
170
401
615
670
612
525
397
257
241
212
203
295
346
203
123
176
277
415
558
704
756
700
466
262
256
384
521
318
0
0
0
0
0
0
0
32
328
502
533
597
666
655
609
615
639
614
605
726
976
976
977
977
977
977
977
931
555
380
337
362
370
0
0
0
0
0
0
0
0
0
0
0
0
0
0
0
247
976
976
976
977
977
977
977
977
978
978
977
977
978
977
974
0
0
0
0
0
0
0
0
0
0
0
0
0
0
0
0
0
972
0
0
0
0
0
0
0
0
0
0
0
0
0
0
0
0
0
0
0
0
0
0
0
0
0
0
0
0
0
0
977
978
978
978
978
977
977
977
977
977
976
976
979
977
973
967
0
0
0
0
0
0
0
0
0
0
0
0
976
976
973
976
974
973
0
0
0
0
0
980
980
978
978
978
978
978
979
979
980
979
977
975
974
975
975
974
974
134
0
0
0
0
0
0
0
0
0
0
0
0
976
977
978
977
977
977
974
970
0
0
0
0
0
0
0
0
0
0
0
0
0
0
0
0
0
0
0
0
978
979
979
979
979
979
980
981
981
980
978
971
966
0
0
0
0
0
0
0
0
0
0
0
0
974
973
208
0
0
0
0
0
0
0
0
0
974
975
977
980
981
980
981
980
981
981
981
980
980
980
980
979
979
979
978
978
977
978
978
978
978
979
979
979
979
979
979
979
978
978
978
978
977
977
977
977
977
977
977
976
977
977
977
977
977
977
977
977
977
977
977
977
977
977
977
977
978
978
978
978
978
978
978
978
978
978
978
977
977
977
976
925
216
0
5
0
0
0
0
0
0
0
0
0
0
0
0
0
0
0
0
0
0
0
0
0
0
977
979
980
979
975
973
0
0
0
0
0
0
0
0
0
0
0
977
977
978
979
980
980
980
980
980
980
978
973
972
0
0
979
980
979
978
978
977
977
974
0
0
0
0
0
0
0
0
0
0
0
0
0
0
0
0
0
0
0
0
977
978
978
978
978
978
978
978
978
978
978
978
978
978
978
978
978
978
978
978
978
978
978
978
978
977
977
977
976
975
0
0
0
0
0
0
0
0
0
0
0
0
0
324
976
977
977
978
978
978
978
977
976
975
0
0
0
0
0
0
0
0
0
0
0
0
977
978
978
978
978
978
978
978
979
978
979
979
979
979
977
973
0
0
0
0
979
979
979
979
979
979
979
979
978
978
978
978
978
978
978
978
978
977
977
977
977
360
0
0
0
0
0
0
0
0
0
0
0
0
0
0
0
0
0
0
0
0
0
0
0
0
0
0
0
0
0
0
0
0
0
0
0
0
0
0
0
0
0
478
975
975
975
975
975
975
975
975
975
975
975
975
975
975
975
975
975
975
975
975
975
975
975
712
479
325
272
307
399
508
587
605
577
525
448
362
322
355
436
534
573
546
407
220
7
0
0
0
0
0
0
0
0
0
0
0
0
0
0
0
0
0
0
0
0
975
975
975
975
975
975
975
974
974
0
0
0
0
0
0
0
0
0
0
583
975
975
975
975
975
974
974
974
974
841
0
0
0
0
0
0
0
0
0
0
0
0
0
0
0
0
0
0
0
0
0
0
0
0
0
0
979
979
979
979
979
979
978
976
977
975
975
978
979
978
979
979
979
980
980
980
980
980
980
980
979
979
978
977
976
976
975
975
975
975
975
976
979
979
979
979
979
979
979
979
979
980
980
980
980
980
980
980
980
980
980
980
980
980
980
980
980
980
980
980
980
980
980
980
980
980
980
979
979
979
979
979
979
979
979
979
979
979
978
978
978
978
978
978
978
978
978
814
608
519
529
574
606
569
506
573
674
700
561
0
0
0
0
0
0
0
0
0
0
0
0
0
18
356
543
626
660
679
708
694
587
384
270
307
414
516
581
596
536
513
520
543
555
553
540
522
511
505
493
465
455
468
484
509
546
581
605
610
594
557
529
520
500
457
416
402
410
423
426
439
466
486
492
483
467
453
447
446
440
431
426
424
434
455
478
499
518
534
543
546
547
544
540
525
511
500
491
487
487
491
497
506
510
506
491
453
390
333
304
296
302
320
331
314
288
282
283
293
317
362
418
457
464
452
435
420
407
412
418
417
423
443
478
510
516
554
623
681
676
622
531
452
435
467
515
556
590
633
649
625
613
625
646
675
710
758
805
802
758
702
657
645
650
615
572
530
471
452
475
487
485
471
469
490
490
474
475
490
499
496
487
487
486
477
468
470
479
497
517
529
538
548
554
552
551
561
566
567
568
564
554
548
550
552
552
550
548
551
564
606
645
678
698
744
773
768
718
641
548
463
394
350
332
341
360
381
420
463
501
527
536
529
539
570
587
591
589
573
540
506
491
494
504
519
536
552
554
532
494
462
424
326
283
350
410
402
371
368
371
358
349
351
348
344
353
371
389
408
436
462
477
480
463
434
410
390
366
354
365
387
404
415
426
441
456
467
472
478
492
530
591
641
628
573
537
523
513
527
560
591
598
587
563
537
438
0
55
681
976
976
976
763
731
900
977
977
921
783
620
514
464
477
477
396
303
346
441
518
584
598
599
616
646
697
747
766
749
727
688
633
594
565
570
414
335
471
464
181
150
337
599
823
822
715
611
497
418
390
322
198
125
139
200
273
340
400
437
444
410
361
321
313
337
383
428
465
489
485
494
493
497
509
511
499
483
471
471
477
485
497
507
512
500
512
517
511
497
480
483
499
520
534
542
549
558
560
548
528
509
500
502
509
514
514
511
510
516
524
523
514
494
487
495
518
537
542
526
486
449
421
417
447
512
562
607
608
593
584
582
570
545
518
496
490
493
507
524
543
560
579
606
631
645
642
628
615
607
579
574
557
537
524
497
469
465
459
438
421
415
414
400
359
287
206
144
104
108
184
287
364
418
452
475
484
485
472
464
471
495
541
594
626
658
661
663
675
686
687
684
688
700
707
698
679
657
630
602
580
570
587
619
645
622
602
560
507
486
503
548
601
654
694
721
742
743
705
645
591
547
509
476
442
401
355
310
283
283
314
363
410
448
470
476
474
470
469
469
471
471
470
469
471
472
472
473
480
485
488
489
501
523
557
600
628
667
689
721
755
790
807
787
749
718
689
661
630
602
577
563
561
566
570
560
548
546
557
579
599
604
592
571
556
554
562
559
579
594
599
602
601
593
576
545
515
496
482
461
442
423
418
439
469
479
477
484
496
505
513
516
516
518
517
517
516
520
525
527
535
546
558
567
572
567
559
555
559
579
586
621
634
623
603
586
578
577
586
601
617
620
605
582
566
551
531
517
507
498
495
497
502
499
488
474
460
454
455
456
458
470
487
500
504
501
489
471
459
459
467
476
477
476
478
476
478
481
487
486
481
483
498
520
533
528
500
472
454
438
429
427
429
431
441
462
489
509
516
517
520
523
526
525
524
519
510
504
506
514
530
538
539
533
527
531
551
579
612
637
647
640
619
592
570
540
497
458
425
398
392
402
420
436
445
438
426
425
445
478
510
527
530
525
512
499
495
492
479
459
436
426
444
484
537
578
586
548
509
461
432
433
450
479
508
531
548
546
531
508
489
484
502
554
651
772
977
977
977
977
977
977
825
556
475
556
728
895
921
827
574
291
255
409
611
728
734
616
403
330
376
459
516
532
522
493
458
436
441
458
476
489
506
533
561
580
590
586
564
537
528
537
555
579
590
585
567
538
514
506
510
514
514
503
488
473
450
412
371
375
388
303
217
226
267
274
236
190
181
229
307
395
470
521
557
573
572
565
560
554
545
538
529
522
510
494
478
473
476
471
435
389
367
386
417
437
439
435
422
403
402
415
427
426
408
388
358
335
326
331
349
375
395
394
377
359
354
368
430
438
390
348
306
266
223
183
213
315
417
497
523
510
480
445
430
420
430
467
519
561
576
559
519
474
449
450
459
457
448
441
432
418
417
459
554
704
868
969
973
938
700
179
0
0
0
0
0
0
0
0
0
153
309
384
398
388
373
363
360
366
378
398
423
448
476
499
519
539
561
587
606
590
568
572
584
583
565
541
516
496
491
502
526
560
606
665
685
692
672
665
684
724
771
825
888
932
911
795
659
603
608
642
712
976
976
976
976
976
976
976
976
574
297
224
226
236
275
264
192
179
254
355
407
411
391
370
360
358
367
379
397
419
442
469
486
500
514
524
530
527
517
505
493
484
478
477
480
483
483
477
464
452
443
439
440
444
443
430
404
459
494
492
490
510
482
446
449
484
524
553
572
580
583
585
585
578
562
540
518
496
479
466
457
466
491
515
525
523
512
502
495
487
481
476
473
470
464
455
447
446
451
463
476
498
519
540
564
572
603
619
615
594
554
511
478
455
443
440
438
434
429
425
423
423
426
432
438
440
438
436
437
440
448
462
476
492
517
551
596
622
660
728
878
976
976
976
976
976
347
0
0
0
385
716
861
855
760
670
613
623
630
608
565
525
503
502
523
583
644
647
596
551
537
557
592
633
661
675
686
706
727
719
662
597
549
520
507
508
514
530
554
575
575
563
563
593
640
662
630
540
424
339
319
349
381
390
387
391
412
448
500
583
681
735
720
689
664
674
718
741
726
685
667
705
766
801
719
581
347
123
0
0
34
244
458
624
755
834
891
931
940
908
817
683
492
298
144
0
0
0
0
0
0
0
0
0
0
36
328
507
612
637
631
635
639
634
599
568
523
482
461
464
477
484
489
496
508
509
498
488
484
488
498
512
524
535
541
545
552
554
553
551
548
544
538
534
535
541
552
550
539
528
519
511
503
491
467
440
420
412
417
432
442
445
444
448
459
467
464
454
441
437
448
457
464
468
464
463
477
492
516
543
560
560
550
546
542
539
536
531
522
510
497
491
494
497
495
496
498
501
498
487
480
476
477
478
475
478
486
498
499
490
478
471
473
480
488
492
492
492
491
493
496
498
497
494
489
482
473
465
459
458
460
465
471
475
481
486
488
480
472
472
480
486
494
502
500
497
497
497
508
526
538
544
547
547
550
556
560
569
577
580
577
572
568
564
561
556
550
541
540
540
537
541
548
555
554
549
547
553
566
585
606
620
620
619
629
634
611
544
451
370
334
342
360
397
453
511
541
547
528
528
509
489
493
506
524
529
520
509
504
506
509
509
508
510
509
496
481
471
468
464
459
462
476
496
512
520
519
497
502
505
506
505
502
497
494
495
494
491
489
489
494
503
509
509
508
507
501
495
495
500
508
515
519
520
522
520
513
507
505
505
510
514
509
511
512
505
496
492
486
485
486
491
502
512
518
519
528
537
530
511
493
488
490
492
496
506
522
533
541
547
552
561
577
626
846
976
976
976
977
977
978
978
978
978
978
977
977
977
977
977
977
977
977
977
977
977
906
449
223
205
276
359
433
540
716
601
233
0
0
0
0
0
0
56
109
200
361
486
542
505
455
529
709
905
977
977
977
977
977
977
977
977
721
435
392
492
631
803
954
923
977
978
978
978
978
978
978
978
978
979
979
979
978
978
978
978
978
978
542
116
0
0
150
419
609
732
739
721
695
696
767
809
795
648
509
418
442
507
522
593
682
574
328
242
257
347
377
435
441
366
355
336
395
501
804
978
766
112
0
0
147
318
474
792
978
978
978
978
978
366
0
0
0
0
82
336
420
496
632
737
733
637
537
464
429
421
457
562
658
725
832
846
752
752
897
978
978
819
659
566
551
519
402
321
303
333
376
432
551
641
537
373
480
629
656
682
795
765
504
125
0
0
0
0
0
0
0
0
0
0
0
0
0
0
0
0
0
0
0
0
0
0
0
0
0
0
0
0
0
0
0
0
0
0
633
976
977
976
976
976
976
833
786
435
0
0
0
0
0
978
978
978
978
978
978
978
978
978
978
978
978
978
978
978
978
978
977
977
977
933
62
0
0
0
0
0
0
0
0
0
0
0
0
0
0
0
0
372
976
977
977
978
978
978
978
978
978
978
978
978
978
978
978
978
979
979
979
979
978
978
978
977
509
0
0
0
0
0
94
673
950
933
809
946
888
670
478
277
114
63
90
157
224
309
443
551
610
606
569
486
416
390
393
411
444
469
476
481
480
469
490
516
523
510
501
487
463
429
432
475
518
571
658
761
936
977
977
920
866
804
710
641
612
545
401
266
193
299
427
403
372
361
365
421
549
720
754
675
700
825
918
887
831
799
716
596
542
666
767
755
642
581
674
769
748
724
826
883
792
674
561
569
604
580
471
338
318
367
378
371
393
386
406
501
613
673
620
623
697
789
811
716
671
684
879
978
960
810
683
688
876
979
979
980
980
980
980
979
95
0
0
0
0
0
0
0
0
0
0
888
979
979
979
978
550
327
370
388
318
360
607
714
707
707
515
0
0
0
0
0
0
0
0
0
0
0
0
0
0
0
0
0
0
0
0
0
57
325
360
327
468
558
548
541
220
0
0
0
0
0
0
0
311
954
818
369
50
0
0
0
215
806
976
977
977
977
977
977
977
977
977
977
977
828
405
659
977
977
977
977
978
978
978
978
978
978
978
978
933
76
0
0
130
305
438
471
456
487
547
590
609
610
640
602
462
340
334
425
497
519
503
495
463
412
403
425
417
425
425
456
493
521
514
480
454
460
477
511
604
697
743
697
626
575
532
459
396
363
334
381
386
354
415
414
141
0
220
663
941
977
916
740
611
608
693
784
754
760
978
978
978
978
978
978
727
235
114
348
284
0
0
0
126
302
397
480
575
685
613
367
267
359
461
607
839
978
978
977
727
433
265
258
394
579
679
978
979
979
979
978
978
977
0
0
0
0
0
0
0
0
0
0
0
0
0
0
0
681
978
979
979
979
979
979
979
979
979
979
979
979
979
979
979
979
979
979
979
979
978
978
480
65
0
146
227
200
435
979
979
979
979
924
0
0
0
0
436
0
0
0
0
515
978
978
978
978
978
978
978
978
727
508
383
324
311
382
505
599
684
657
530
359
240
221
259
310
377
389
308
278
330
513
978
978
978
978
0
0
0
0
0
0
0
0
0
184
978
978
978
978
978
978
728
666
643
529
262
38
119
346
512
699
909
978
978
978
978
978
711
469
385
388
383
314
0
0
0
0
0
395
978
978
979
979
979
978
979
978
978
623
296
163
210
373
561
640
660
607
554
528
511
495
464
445
369
315
312
338
371
320
333
519
587
581
554
570
633
691
711
720
725
732
700
640
575
524
485
410
365
365
392
415
422
442
470
511
610
718
735
639
540
505
572
599
586
573
567
574
653
749
869
974
979
979
979
980
980
980
980
980
980
979
913
358
0
129
492
693
261
0
0
0
142
457
602
702
785
792
734
642
652
664
631
557
348
191
145
210
273
257
176
197
267
330
375
376
384
404
395
417
436
442
421
411
395
406
448
497
513
488
445
393
385
443
558
655
732
738
690
649
653
689
711
698
612
507
439
459
427
154
0
0
0
0
0
0
0
0
0
0
0
0
0
0
0
0
160
974
978
978
978
977
0
0
0
0
0
0
0
0
0
0
0
0
0
0
0
978
978
978
979
978
978
978
978
978
978
978
978
978
978
978
977
356
0
0
0
0
0
0
0
0
0
0
0
0
0
0
0
0
0
0
0
0
0
0
0
0
0
0
976
977
977
977
977
977
976
975
0
0
0
0
951
976
976
976
917
905
786
596
311
8
0
175
454
414
103
0
0
0
0
0
0
0
0
0
0
0
394
976
976
976
976
975
0
0
0
0
0
0
0
0
0
0
164
975
975
976
976
976
976
976
976
976
976
976
976
976
976
976
910
170
0
0
0
0
0
0
0
213
421
577
600
431
0
0
0
796
975
975
975
975
975
975
804
413
289
506
713
144
0
0
0
0
0
0
0
0
0
0
0
0
0
0
0
0
0
0
0
0
0
0
0
0
0
0
0
0
0
0
974
973
0
0
0
0
0
976
978
978
979
979
977
977
978
977
977
976
976
976
976
976
976
975
975
975
975
975
974
974
339
0
0
294
622
908
974
248
0
665
974
226
142
975
975
976
976
976
976
975
975
975
975
736
285
0
0
0
0
93
324
315
156
23
0
12
166
460
869
975
975
975
975
975
975
975
975
975
846
180
120
415
693
908
975
842
701
682
883
975
975
975
975
975
976
976
976
975
491
478
976
976
976
976
976
912
0
0
0
0
0
0
0
0
0
0
976
977
977
977
978
978
978
978
978
978
979
979
979
979
979
979
978
978
978
978
978
978
978
978
978
977
976
0
0
0
978
978
978
978
978
979
979
979
979
979
979
979
978
978
978
978
978
978
978
978
838
779
860
899
887
837
746
756
773
821
979
979
877
464
242
204
305
391
417
251
136
68
181
452
602
650
665
545
223
0
231
513
542
425
263
190
211
282
386
515
568
591
560
485
426
384
353
465
650
789
761
636
590
618
648
704
730
668
534
444
447
498
510
507
490
478
510
532
519
495
483
498
496
489
495
503
485
462
447
395
276
164
36
0
120
705
978
978
804
616
507
458
414
354
283
216
262
420
534
560
428
241
143
152
295
443
493
479
493
535
604
648
682
685
656
609
521
502
552
515
236
421
427
0
0
124
978
978
978
978
978
978
978
906
337
0
0
0
0
0
0
0
0
0
0
180
588
867
977
978
978
978
978
978
978
978
978
978
978
978
979
979
979
979
979
502
25
0
0
0
0
27
329
516
545
539
582
700
814
831
770
663
529
476
425
546
605
534
442
395
493
572
380
5
0
0
69
288
634
978
978
898
0
0
0
0
0
0
0
0
0
0
0
0
0
0
0
0
0
0
275
977
726
211
208
977
977
977
977
979
975
0
0
0
0
0
0
0
0
0
978
976
976
0
0
0
0
0
0
0
0
0
0
0
0
0
0
0
0
0
0
279
977
978
979
979
979
979
979
978
978
978
978
978
978
978
978
979
979
979
979
979
980
980
980
980
978
979
979
978
976
0
0
0
0
0
0
0
0
0
0
0
0
0
0
0
0
0
0
0
0
0
0
0
0
0
0
0
0
0
0
976
977
977
976
976
976
977
977
977
976
976
976
976
976
976
976
976
978
977
977
977
977
977
977
977
976
550
265
206
330
501
644
686
627
586
784
977
977
865
705
614
556
599
756
977
977
977
711
268
57
44
394
821
977
977
977
896
732
632
648
750
856
875
812
704
587
965
978
978
978
978
726
135
0
0
0
0
0
0
0
187
780
925
582
0
0
0
0
0
977
913
0
0
0
0
0
0
0
0
0
196
279
389
369
152
0
0
0
0
0
14
234
236
462
569
217
0
0
0
182
381
460
489
465
453
472
486
477
462
452
478
486
403
319
403
628
744
670
583
499
455
480
557
600
587
610
663
687
679
634
579
569
562
515
473
461
527
519
508
652
787
685
564
585
541
353
132
126
230
368
508
633
714
767
890
976
976
976
976
976
976
976
619
570
566
68
0
0
0
0
0
0
0
0
0
0
0
249
976
976
976
977
977
977
977
978
978
979
979
978
978
978
978
978
977
977
977
977
977
929
645
977
978
978
979
979
979
980
979
979
979
979
979
979
979
979
979
979
979
979
979
979
979
979
979
979
979
979
979
979
785
333
221
288
455
581
634
635
618
533
386
305
311
386
484
553
569
555
564
576
583
561
514
464
428
405
387
425
515
586
619
638
662
667
633
576
527
516
527
521
492
491
532
607
690
707
654
607
602
565
473
362
290
350
518
621
593
518
440
327
218
263
388
531
614
521
326
121
0
0
17
376
918
979
979
979
807
527
248
2
0
0
166
420
569
597
450
625
870
977
979
979
979
979
979
979
867
635
637
688
444
0
0
0
0
0
0
0
0
0
0
0
0
0
0
0
0
0
0
0
0
0
0
0
0
0
0
978
979
979
980
980
980
979
978
977
289
0
0
0
0
0
0
0
0
0
0
0
0
0
0
0
0
0
0
0
0
133
330
326
236
372
562
636
572
334
167
389
808
827
171
0
0
0
0
428
469
199
0
0
0
0
0
0
0
0
0
296
648
557
594
731
874
742
413
402
742
975
976
976
976
977
977
977
977
977
977
977
977
977
976
976
976
642
35
0
0
0
0
0
38
423
718
811
811
783
772
739
648
539
388
259
85
0
0
0
0
0
0
372
689
691
478
402
512
621
464
349
341
427
509
464
291
188
278
408
463
526
697
749
727
710
859
922
851
823
807
765
763
676
536
506
600
648
606
497
391
285
185
31
0
0
0
0
0
227
454
635
797
895
889
851
862
930
976
958
777
598
539
607
759
893
864
743
640
549
474
105
0
0
0
0
0
0
173
442
242
44
0
0
0
182
975
975
975
639
28
0
0
0
0
0
0
0
0
0
0
419
734
815
975
975
975
975
975
975
367
8
186
471
433
385
356
319
361
398
544
703
798
804
948
975
975
975
975
975
975
975
975
975
975
738
333
222
291
574
726
427
0
0
0
0
0
0
0
976
975
975
976
977
977
977
977
976
976
976
976
773
671
624
598
227
0
0
0
0
976
976
976
976
977
977
977
978
978
978
978
978
978
977
977
977
977
977
977
977
562
0
0
0
0
978
979
979
979
979
979
979
979
980
980
980
980
980
980
980
979
980
980
980
980
980
980
980
980
980
980
980
980
979
980
980
980
979
980
979
979
979
827
334
112
88
228
358
386
349
276
227
353
629
702
535
381
398
441
392
291
270
414
641
688
589
491
446
505
570
536
450
368
341
379
455
558
702
840
977
979
979
881
816
804
817
839
830
742
625
408
0
0
0
0
0
0
762
979
651
679
639
415
390
364
299
347
473
564
650
714
668
569
602
759
918
979
979
980
979
894
716
496
333
260
1
0
97
366
435
436
261
64
0
0
0
0
0
0
0
0
297
524
531
309
256
303
613
736
656
625
606
632
653
689
762
762
673
510
344
289
353
443
496
506
429
238
0
0
0
0
0
0
0
0
0
336
443
692
977
924
492
0
0
185
455
474
335
36
0
0
0
0
0
0
0
266
491
648
766
712
482
174
89
181
383
685
780
668
575
602
687
519
156
22
238
575
892
977
716
327
0
0
0
0
0
0
324
705
854
841
783
622
430
289
114
71
588
977
976
510
0
0
0
97
459
506
466
439
455
490
564
704
746
613
977
978
978
978
978
978
978
978
978
978
978
978
978
978
978
977
977
480
127
119
300
542
599
583
540
530
588
686
745
781
788
803
845
896
906
826
737
563
400
567
658
724
728
545
346
1
0
223
398
354
357
420
490
643
767
802
648
419
354
881
978
978
978
854
703
717
836
978
978
931
780
621
530
488
443
440
494
552
545
525
555
551
521
512
561
633
657
678
708
745
722
681
629
607
602
606
595
551
474
417
68
0
0
189
287
178
0
0
0
0
135
375
446
325
165
94
164
337
539
702
750
658
440
174
0
0
0
0
0
0
0
148
277
366
412
429
436
442
441
418
361
308
291
305
343
395
441
468
492
514
531
532
556
560
556
551
547
550
553
552
549
547
550
558
572
594
605
600
574
534
498
476
474
494
519
526
536
548
499
425
376
384
451
508
403
214
200
298
405
434
497
578
660
684
652
622
611
590
534
477
478
521
532
551
594
617
613
600
567
546
554
572
609
646
680
688
649
618
582
565
562
573
588
595
614
641
671
709
863
977
978
978
978
978
978
978
978
978
978
978
978
674
380
294
405
455
385
461
933
979
979
979
979
979
979
978
737
0
0
0
0
0
0
0
78
754
978
978
978
978
978
881
489
226
263
551
605
744
762
710
623
492
425
459
453
380
286
346
59
0
0
0
0
0
0
0
0
0
0
0
0
0
0
0
0
0
189
612
737
677
563
411
284
326
324
0
202
499
407
40
0
0
0
421
728
747
652
593
704
700
470
15
0
0
0
0
0
0
0
0
0
0
0
0
0
0
0
0
0
0
0
0
0
0
0
0
770
975
975
975
976
976
976
977
977
977
977
977
977
977
977
977
977
977
977
977
978
978
978
978
978
978
977
977
977
977
977
561
238
339
696
864
876
751
620
595
658
637
554
453
291
148
93
215
465
626
578
482
376
298
345
870
977
977
978
978
977
977
978
977
800
0
0
795
978
978
978
977
542
0
32
561
734
479
370
486
765
978
977
739
457
298
349
450
492
569
759
968
978
978
654
188
0
0
0
0
414
978
978
978
978
978
979
978
978
978
978
978
978
795
672
0
0
0
0
0
0
0
978
979
979
979
979
979
979
979
979
978
676
0
0
0
0
0
0
0
979
979
979
978
978
432
0
0
0
0
0
0
672
301
0
0
0
0
0
0
0
0
0
0
0
0
0
0
0
0
0
0
0
0
0
0
0
0
0
0
0
0
0
0
0
0
0
447
976
974
0
0
0
0
0
0
0
0
0
0
0
0
0
0
0
0
0
0
0
0
0
0
0
0
0
0
0
0
0
976
976
976
976
978
978
978
978
978
978
979
979
979
979
979
978
977
977
977
977
978
978
978
979
979
979
978
977
977
976
974
0
0
0
0
656
977
977
977
977
976
976
975
0
0
0
0
0
0
0
0
0
0
0
0
0
0
0
0
0
0
0
0
0
0
0
0
0
0
0
0
0
0
0
0
0
0
0
0
0
131
466
737
867
780
863
974
974
595
0
0
0
0
46
435
471
389
341
364
488
648
935
894
696
575
494
496
492
602
778
796
679
679
603
346
0
0
0
0
199
612
959
974
974
974
974
974
973
0
0
0
0
0
0
570
974
974
974
974
974
974
650
176
20
80
367
176
0
0
0
0
0
0
975
976
976
977
977
978
980
981
981
981
981
981
981
981
981
981
981
981
981
981
981
981
981
979
979
977
976
975
975
975
975
0
0
0
0
0
0
0
0
651
975
975
977
977
977
978
979
979
979
979
979
979
979
979
979
979
979
979
979
979
979
977
976
975
371
0
0
0
0
0
0
0
0
0
0
0
0
0
0
0
0
0
0
0
0
0
0
0
0
0
165
415
547
569
530
473
429
399
409
461
523
585
734
756
269
0
0
0
0
0
0
975
977
979
979
979
980
980
980
980
981
981
981
981
981
981
981
981
981
981
981
981
981
981
981
981
981
981
981
981
981
981
981
981
981
981
981
981
981
980
980
980
980
980
980
979
979
979
978
978
977
0
0
0
0
0
248
980
980
980
980
979
978
978
978
978
799
202
2
171
510
574
572
646
719
888
915
806
730
610
449
0
0
0
0
0
0
0
0
0
0
0
301
728
787
694
659
702
643
586
557
553
541
0
0
0
0
0
0
417
630
689
707
655
586
537
512
495
488
497
510
515
509
501
494
679
977
978
977
977
977
80
0
0
470
977
978
977
977
318
0
0
681
977
977
977
973
0
0
0
0
17
360
564
601
574
544
558
588
589
516
362
136
0
0
0
0
0
0
83
253
344
177
7
81
391
725
867
851
738
615
547
550
618
699
737
707
643
592
565
557
560
566
565
554
540
537
547
559
572
581
584
578
574
565
558
540
518
509
519
517
514
510
514
520
527
527
517
511
511
516
518
520
512
508
506
510
513
525
555
570
559
536
517
513
521
531
532
531
534
545
556
555
546
531
517
513
515
517
520
522
516
510
509
513
520
523
520
516
516
517
517
511
504
502
510
516
512
513
517
518
532
550
557
559
558
545
535
532
535
545
556
555
541
540
539
566
577
584
570
540
523
523
523
516
510
517
528
540
547
548
540
547
562
607
629
603
558
521
506
504
520
530
520
530
530
520
507
497
488
490
496
491
465
444
417
344
321
397
475
441
335
291
341
465
491
380
167
0
0
63
214
369
464
489
551
562
48
0
0
0
0
0
0
0
0
0
345
672
901
973
880
648
457
335
378
590
750
661
583
545
548
611
665
737
618
640
795
884
825
818
652
486
460
486
541
606
626
625
531
419
364
453
555
615
681
688
597
586
694
718
668
581
282
0
0
0
375
619
736
886
635
412
379
419
567
712
704
550
240
0
0
0
0
89
653
976
976
976
976
885
509
310
384
520
582
601
614
568
523
395
386
306
496
606
626
796
710
156
0
108
397
584
721
844
922
744
609
541
500
483
496
545
533
133
0
260
468
636
781
741
666
568
503
516
561
629
705
650
446
179
163
491
791
632
197
551
788
808
788
722
632
212
193
261
417
634
768
628
512
486
479
526
445
305
342
459
521
612
803
794
524
367
471
588
642
595
613
582
461
310
261
406
684
839
778
649
552
495
495
515
519
474
445
564
525
576
601
660
689
503
361
386
465
543
611
711
815
845
841
752
392
371
361
299
333
499
755
977
977
793
596
443
302
270
340
419
461
476
519
549
571
599
597
584
604
658
720
731
656
578
518
497
498
507
523
540
550
544
524
522
514
509
509
510
496
446
401
407
463
531
566
566
542
517
504
508
537
569
581
562
552
539
535
529
521
514
509
505
505
506
509
511
503
514
514
515
522
522
518
513
509
507
510
514
520
523
520
513
511
516
523
531
539
545
545
541
538
543
576
662
765
851
894
879
827
739
670
622
608
650
716
726
678
617
583
557
529
509
509
499
495
508
523
535
534
529
525
530
533
529
518
524
534
535
528
516
507
502
502
507
517
528
533
526
515
509
508
510
512
515
516
513
509
506
510
506
518
585
636
610
531
468
445
469
491
492
480
462
486
513
526
510
471
460
475
576
786
979
978
978
978
978
978
978
978
545
0
0
0
0
0
0
0
0
0
0
0
0
0
0
0
0
87
475
648
650
588
515
482
485
507
522
528
526
512
500
500
501
506
510
514
522
517
525
523
506
454
422
432
464
492
502
477
439
423
456
525
576
589
557
520
498
485
488
501
514
523
538
588
623
664
683
665
623
586
562
533
505
486
484
495
510
521
529
539
546
540
522
501
491
492
503
524
543
547
540
522
510
508
515
528
538
545
543
529
509
498
498
504
512
514
514
515
519
524
521
514
509
495
461
412
392
419
471
515
535
534
523
507
499
511
539
567
556
521
470
442
440
437
436
454
480
472
433
401
351
254
50
0
0
0
0
0
0
0
0
0
0
0
0
0
0
0
329
353
136
91
318
806
976
976
976
976
976
976
897
510
313
321
455
583
621
569
501
464
481
519
555
580
628
617
584
539
500
487
495
510
515
507
514
534
541
554
547
519
496
481
451
431
466
516
529
495
448
415
412
441
496
539
546
518
478
483
515
546
551
524
460
440
417
307
208
223
276
340
387
395
400
401
271
0
0
0
0
0
0
0
0
0
0
0
0
315
513
580
566
542
501
470
486
598
802
951
944
869
786
761
732
639
431
16
0
0
0
0
0
0
262
528
659
690
700
720
693
622
549
523
538
559
589
624
649
673
702
807
957
975
975
976
976
976
976
976
976
976
976
976
747
542
459
457
484
512
524
529
528
526
523
516
512
510
512
516
522
526
521
513
509
517
582
703
747
685
591
529
508
505
506
512
516
517
498
472
464
454
450
465
475
486
501
514
522
523
513
519
536
529
514
492
463
411
361
365
399
415
380
334
177
0
0
0
0
0
0
0
0
0
76
639
975
975
975
856
635
396
90
232
572
761
727
623
858
975
958
751
544
416
369
354
396
480
522
524
388
114
2
108
258
461
706
920
869
713
558
455
361
300
283
245
294
344
638
975
976
975
600
3
22
481
910
975
683
0
0
0
0
0
363
557
543
442
408
488
562
632
672
515
293
292
444
540
535
500
479
488
492
470
431
423
474
581
632
664
627
547
517
496
448
414
367
394
483
558
620
624
618
523
305
135
225
837
975
975
975
975
574
111
0
0
0
0
45
411
626
664
643
579
415
192
170
171
0
0
34
374
652
746
695
331
0
0
0
0
424
773
754
434
198
236
517
804
932
914
786
584
341
161
244
642
975
975
975
975
580
318
231
351
619
800
821
711
576
497
497
975
975
975
975
975
975
755
408
446
629
708
288
0
0
0
0
0
0
0
444
975
975
975
790
705
975
975
975
975
511
0
0
0
0
0
0
0
0
262
550
613
560
485
367
300
391
509
581
566
515
481
412
408
363
383
465
540
562
546
449
393
418
472
537
583
643
721
625
547
520
537
586
603
595
485
490
676
812
975
975
975
975
779
529
426
424
451
476
492
517
536
539
510
467
461
481
521
571
591
499
227
0
0
0
0
134
677
975
975
975
975
975
975
825
102
0
68
324
536
781
975
975
975
876
659
463
532
459
0
0
0
0
0
0
198
975
975
975
975
487
0
157
432
527
576
573
511
394
223
104
157
310
471
731
968
912
798
586
418
663
799
546
341
340
451
533
482
183
178
489
684
906
975
809
159
0
0
271
490
425
229
85
0
0
0
139
636
667
808
859
376
0
0
0
0
0
0
0
0
0
296
628
813
695
247
0
228
617
797
975
975
975
975
975
975
975
975
975
975
975
975
975
975
975
975
975
975
975
975
448
0
0
0
0
0
89
383
454
442
480
521
584
158
0
226
403
833
975
974
746
582
720
812
767
615
203
208
975
976
976
976
976
976
976
975
975
975
890
467
95
37
167
76
8
155
352
484
545
598
621
560
520
604
650
583
515
493
532
573
557
486
441
441
334
334
400
449
455
459
478
492
464
446
463
488
517
523
517
515
528
543
552
554
554
523
474
472
445
533
682
740
675
612
557
529
515
506
501
497
503
522
541
551
554
555
555
541
515
421
472
581
690
675
631
647
662
610
526
519
576
611
595
555
547
569
623
791
947
975
975
960
739
571
474
415
418
504
674
743
698
585
505
622
686
611
533
496
473
464
472
493
511
512
500
501
515
541
549
526
502
498
503
496
454
411
430
486
525
574
594
561
526
522
507
548
594
591
563
557
559
486
329
222
237
331
420
488
542
576
585
569
547
528
517
518
516
507
497
505
527
544
545
538
547
576
580
548
500
460
452
470
493
501
500
490
490
510
537
553
559
554
541
525
517
515
521
580
652
723
936
976
976
976
976
976
977
977
975
0
192
976
977
977
977
977
977
977
977
977
977
977
687
0
0
0
0
0
340
692
748
595
277
44
0
33
174
381
623
626
419
334
356
438
503
558
606
636
607
563
527
526
544
556
547
514
477
460
476
504
515
508
501
492
484
489
507
615
726
740
657
579
550
518
428
323
231
265
340
428
578
666
655
623
580
535
492
461
436
421
413
354
275
307
413
529
591
590
583
521
377
208
176
278
398
490
528
541
533
523
524
547
569
569
556
537
521
511
506
503
499
498
495
495
496
498
502
513
523
530
535
534
532
531
534
536
540
543
538
537
542
543
543
552
562
567
562
554
543
529
521
520
525
527
528
526
525
528
558
582
585
568
557
540
503
471
464
472
483
497
504
501
496
493
502
521
515
404
182
49
126
256
375
445
469
477
481
480
486
488
497
510
522
529
525
508
500
498
502
511
514
512
509
505
526
549
582
601
605
587
562
560
591
611
600
570
534
498
483
497
542
578
591
584
566
545
529
522
522
522
520
514
510
511
527
549
563
565
560
552
544
541
544
552
574
580
496
0
0
183
976
976
976
976
976
976
976
976
976
976
786
477
387
566
526
0
0
0
0
0
0
0
0
654
976
976
976
976
697
512
457
395
0
0
0
0
0
0
85
444
613
631
589
545
518
512
518
522
522
530
536
533
527
518
514
509
508
505
485
575
631
582
491
400
351
347
364
390
414
451
486
515
534
536
533
527
521
512
490
443
421
466
549
646
681
671
638
613
591
563
541
534
533
533
549
603
623
659
714
708
630
528
493
479
481
489
495
486
457
429
427
433
423
426
457
507
533
536
525
511
499
493
497
506
509
509
508
516
538
555
561
560
553
545
537
533
531
522
513
507
503
506
525
544
549
547
541
534
524
517
512
507
503
497
494
495
508
521
529
532
530
525
520
514
507
501
501
501
497
499
515
526
517
504
507
512
511
507
497
489
489
489
494
493
502
515
525
529
525
511
497
486
471
456
432
430
455
483
501
513
530
544
534
508
483
472
467
459
448
423
408
418
437
461
461
470
502
538
555
574
557
505
484
493
512
519
516
509
500
515
515
510
501
497
499
501
503
501
497
494
489
488
494
502
505
500
511
510
510
509
509
512
513
509
503
497
493
512
517
519
518
515
510
496
508
527
568
590
591
574
557
572
573
565
554
543
531
518
509
515
528
533
525
522
527
526
496
504
540
554
534
514
482
468
464
477
519
576
615
606
571
536
499
412
312
320
379
435
495
530
531
518
504
507
531
548
550
541
528
498
452
423
428
457
488
499
502
509
523
547
566
570
550
547
532
522
505
492
489
494
502
505
511
522
528
531
532
527
520
515
506
515
515
510
506
499
493
492
502
514
518
515
515
519
525
516
505
486
476
478
484
488
491
502
514
520
521
521
529
528
521
516
516
523
523
518
515
517
525
531
528
537
530
519
514
514
514
513
513
535
571
565
529
496
473
471
475
486
502
515
523
524
517
496
486
492
507
519
539
542
541
541
538
532
523
511
504
513
524
528
527
534
558
579
585
565
555
546
588
689
694
612
524
503
494
493
499
488
461
453
482
523
545
575
589
574
548
525
516
515
515
519
531
531
521
507
499
488
476
468
476
506
537
565
604
603
586
560
577
628
655
641
629
662
672
630
573
525
513
510
512
514
515
514
515
513
511
510
513
514
516
515
510
506
507
253
228
930
976
976
977
976
976
777
570
441
440
497
552
571
572
557
539
529
527
353
240
250
253
276
335
397
423
395
411
446
517
641
768
799
667
480
380
396
459
496
509
495
470
453
454
467
476
470
458
455
453
453
473
977
978
978
978
978
977
978
